ID	DS1	DS2	DS3	DS4	DS5	DS6
1	0.397	0.546	0.035	0.015	0.007	0	
2	0.38	0.545	0.05	0.019	0.003	0.003	
3	0.387	0.554	0.043	0.013	0.002	0.001	
4	0.387	0.555	0.04	0.015	0.003	0	
5	0.358	0.571	0.053	0.014	0.003	0.001	
6	0.371	0.56	0.038	0.022	0.005	0.004	
7	0.371	0.555	0.05	0.02	0.003	0.001	
8	0.363	0.57	0.04	0.021	0.005	0.001	
9	0.378	0.552	0.048	0.02	0.001	0.001	
10	0.397	0.546	0.041	0.011	0.005	0	
11	0.372	0.566	0.041	0.018	0.003	0	
12	0.367	0.559	0.049	0.014	0.008	0.003	
13	0.377	0.545	0.046	0.028	0.002	0.002	
14	0.369	0.562	0.043	0.021	0.004	0.001	
15	0.404	0.537	0.041	0.014	0.004	0	
16	0.381	0.543	0.053	0.016	0.004	0.003	
17	0.382	0.543	0.05	0.019	0.003	0.003	
18	0.146	0.616	0.123	0.072	0.022	0.021	
19	0.405	0.532	0.046	0.012	0.003	0.002	
20	0.346	0.575	0.041	0.032	0.005	0.001	
21	0.351	0.566	0.049	0.026	0.007	0.001	
22	0.305	0.607	0.063	0.021	0.003	0.001	
23	0.346	0.565	0.052	0.028	0.006	0.003	
24	0.354	0.56	0.052	0.022	0.011	0.001	
25	0.319	0.585	0.066	0.023	0.004	0.003	
26	0.318	0.551	0.081	0.033	0.015	0.002	
27	0.353	0.56	0.06	0.018	0.008	0.001	
28	0.32	0.579	0.068	0.023	0.004	0.006	
29	0.315	0.592	0.058	0.026	0.008	0.001	
30	0.316	0.59	0.058	0.026	0.007	0.003	
31	0.333	0.566	0.064	0.025	0.009	0.003	
32	0.331	0.572	0.061	0.028	0.006	0.002	
33	0.341	0.582	0.043	0.03	0.004	0	
34	0.323	0.587	0.07	0.015	0.004	0.001	
35	0.319	0.581	0.066	0.026	0.006	0.002	
36	0.303	0.596	0.073	0.019	0.007	0.002	
37	0.335	0.56	0.078	0.021	0.003	0.003	
38	0.159	0.628	0.112	0.054	0.035	0.012	
39	0.324	0.567	0.068	0.029	0.008	0.004	
40	0.351	0.557	0.052	0.032	0.007	0.001	
41	0.88	0.118	0.002	0	0	0	
42	0.835	0.161	0.003	0.001	0	0	
43	0.878	0.121	0	0.001	0	0	
44	0.871	0.126	0.003	0	0	0	
45	0.853	0.147	0	0	0	0	
46	0.789	0.2	0.007	0.004	0	0	
47	0.798	0.195	0.005	0.002	0	0	
48	0.855	0.143	0.001	0.001	0	0	
49	0.864	0.131	0.005	0	0	0	
50	0.868	0.132	0	0	0	0	
51	0.835	0.16	0.005	0	0	0	
52	0.871	0.128	0.001	0	0	0	
53	0.865	0.135	0	0	0	0	
54	0.877	0.122	0.001	0	0	0	
55	0.898	0.099	0.003	0	0	0	
56	0.84	0.159	0.001	0	0	0	
57	0.86	0.136	0.004	0	0	0	
58	0.897	0.1	0.003	0	0	0	
59	0.889	0.109	0.002	0	0	0	
60	0.881	0.118	0.001	0	0	0	
61	0.916	0.082	0.002	0	0	0	
62	0.843	0.156	0.001	0	0	0	
63	0.904	0.095	0.001	0	0	0	
64	0.898	0.101	0.001	0	0	0	
65	0.893	0.107	0	0	0	0	
66	0.822	0.174	0.004	0	0	0	
67	0.838	0.157	0.004	0.001	0	0	
68	0.89	0.11	0	0	0	0	
69	0.899	0.099	0.002	0	0	0	
70	0.9	0.097	0.003	0	0	0	
71	0.857	0.141	0.002	0	0	0	
72	0.915	0.085	0	0	0	0	
73	0.915	0.085	0	0	0	0	
74	0.903	0.097	0	0	0	0	
75	0.915	0.084	0.001	0	0	0	
76	0.884	0.115	0.001	0	0	0	
77	0.885	0.115	0	0	0	0	
78	0.912	0.086	0.002	0	0	0	
79	0.913	0.087	0	0	0	0	
80	0.925	0.075	0	0	0	0	
81	0.942	0.058	0	0	0	0	
82	0.899	0.1	0.001	0	0	0	
83	0.934	0.065	0.001	0	0	0	
84	0.912	0.088	0	0	0	0	
85	0.922	0.077	0.001	0	0	0	
86	0.856	0.139	0.004	0.001	0	0	
87	0.852	0.146	0.002	0	0	0	
88	0.918	0.082	0	0	0	0	
89	0.915	0.085	0	0	0	0	
90	0.926	0.074	0	0	0	0	
91	0.896	0.104	0	0	0	0	
92	0.938	0.06	0.002	0	0	0	
93	0.945	0.055	0	0	0	0	
94	0.924	0.076	0	0	0	0	
95	0.938	0.062	0	0	0	0	
96	0.919	0.08	0.001	0	0	0	
97	0.917	0.083	0	0	0	0	
98	0.934	0.066	0	0	0	0	
99	0.925	0.075	0	0	0	0	
100	0.943	0.057	0	0	0	0	
101	0.96	0.04	0	0	0	0	
102	0.919	0.081	0	0	0	0	
103	0.95	0.05	0	0	0	0	
104	0.961	0.039	0	0	0	0	
105	0.954	0.046	0	0	0	0	
106	0.898	0.102	0	0	0	0	
107	0.913	0.087	0	0	0	0	
108	0.955	0.045	0	0	0	0	
109	0.954	0.046	0	0	0	0	
110	0.954	0.046	0	0	0	0	
111	0.919	0.079	0.002	0	0	0	
112	0.965	0.035	0	0	0	0	
113	0.971	0.029	0	0	0	0	
114	0.962	0.038	0	0	0	0	
115	0.959	0.041	0	0	0	0	
116	0.926	0.074	0	0	0	0	
117	0.942	0.057	0.001	0	0	0	
118	0.961	0.039	0	0	0	0	
119	0.954	0.046	0	0	0	0	
120	0.969	0.031	0	0	0	0	
121	0.875	0.124	0.001	0	0	0	
122	0.788	0.209	0.003	0	0	0	
123	0.862	0.138	0	0	0	0	
124	0.879	0.121	0	0	0	0	
125	0.875	0.125	0	0	0	0	
126	0.735	0.251	0.012	0.002	0	0	
127	0.753	0.238	0.008	0.001	0	0	
128	0.873	0.127	0	0	0	0	
129	0.862	0.137	0.001	0	0	0	
130	0.872	0.126	0.002	0	0	0	
131	0.803	0.194	0.001	0.002	0	0	
132	0.884	0.115	0.001	0	0	0	
133	0.899	0.101	0	0	0	0	
134	0.894	0.103	0.003	0	0	0	
135	0.881	0.118	0.001	0	0	0	
136	0.827	0.171	0.002	0	0	0	
137	0.823	0.176	0	0.001	0	0	
138	0.866	0.134	0	0	0	0	
139	0.873	0.125	0.001	0.001	0	0	
140	0.856	0.142	0.001	0.001	0	0	
141	0.915	0.084	0.001	0	0	0	
142	0.843	0.155	0.001	0.001	0	0	
143	0.909	0.091	0	0	0	0	
144	0.907	0.092	0.001	0	0	0	
145	0.908	0.091	0.001	0	0	0	
146	0.713	0.265	0.016	0.004	0.002	0	
147	0.734	0.25	0.014	0.002	0	0	
148	0.897	0.102	0.001	0	0	0	
149	0.915	0.085	0	0	0	0	
150	0.907	0.092	0.001	0	0	0	
151	0.832	0.165	0.003	0	0	0	
152	0.917	0.081	0.002	0	0	0	
153	0.916	0.084	0	0	0	0	
154	0.902	0.096	0.002	0	0	0	
155	0.904	0.096	0	0	0	0	
156	0.865	0.133	0.002	0	0	0	
157	0.845	0.149	0.005	0.001	0	0	
158	0.898	0.1	0.002	0	0	0	
159	0.919	0.08	0.001	0	0	0	
160	0.905	0.093	0.001	0.001	0	0	
161	0.932	0.068	0	0	0	0	
162	0.861	0.137	0.002	0	0	0	
163	0.886	0.113	0.001	0	0	0	
164	0.898	0.102	0	0	0	0	
165	0.903	0.095	0.002	0	0	0	
166	0.76	0.227	0.011	0.002	0	0	
167	0.768	0.22	0.009	0.003	0	0	
168	0.89	0.11	0	0	0	0	
169	0.909	0.091	0	0	0	0	
170	0.906	0.093	0.001	0	0	0	
171	0.849	0.149	0.001	0.001	0	0	
172	0.916	0.084	0	0	0	0	
173	0.93	0.07	0	0	0	0	
174	0.891	0.106	0.002	0.001	0	0	
175	0.886	0.113	0.001	0	0	0	
176	0.859	0.14	0.001	0	0	0	
177	0.855	0.144	0.001	0	0	0	
178	0.916	0.083	0.001	0	0	0	
179	0.912	0.088	0	0	0	0	
180	0.911	0.088	0.001	0	0	0	
181	0.918	0.082	0	0	0	0	
182	0.866	0.132	0.002	0	0	0	
183	0.891	0.108	0.001	0	0	0	
184	0.89	0.108	0.002	0	0	0	
185	0.897	0.101	0.002	0	0	0	
186	0.811	0.182	0.007	0	0	0	
187	0.781	0.214	0.004	0.001	0	0	
188	0.901	0.097	0.001	0.001	0	0	
189	0.882	0.117	0.001	0	0	0	
190	0.897	0.102	0.001	0	0	0	
191	0.837	0.161	0.002	0	0	0	
192	0.917	0.083	0	0	0	0	
193	0.915	0.085	0	0	0	0	
194	0.902	0.098	0	0	0	0	
195	0.915	0.084	0.001	0	0	0	
196	0.874	0.125	0.001	0	0	0	
197	0.858	0.14	0.002	0	0	0	
198	0.918	0.081	0	0.001	0	0	
199	0.912	0.088	0	0	0	0	
200	0.911	0.087	0.002	0	0	0	
201	0.919	0.081	0	0	0	0	
202	0.834	0.164	0.002	0	0	0	
203	0.881	0.118	0.001	0	0	0	
204	0.872	0.126	0.002	0	0	0	
205	0.895	0.104	0.001	0	0	0	
206	0.833	0.165	0.002	0	0	0	
207	0.801	0.197	0.001	0.001	0	0	
208	0.872	0.127	0.001	0	0	0	
209	0.875	0.12	0.005	0	0	0	
210	0.862	0.135	0.003	0	0	0	
211	0.816	0.179	0.005	0	0	0	
212	0.905	0.095	0	0	0	0	
213	0.911	0.088	0.001	0	0	0	
214	0.896	0.101	0.002	0.001	0	0	
215	0.89	0.107	0.001	0.002	0	0	
216	0.854	0.142	0.004	0	0	0	
217	0.872	0.124	0.003	0.001	0	0	
218	0.906	0.094	0	0	0	0	
219	0.891	0.107	0.002	0	0	0	
220	0.921	0.078	0.001	0	0	0	
221	0.927	0.073	0	0	0	0	
222	0.865	0.133	0.001	0.001	0	0	
223	0.884	0.116	0	0	0	0	
224	0.881	0.117	0.002	0	0	0	
225	0.884	0.114	0.002	0	0	0	
226	0.871	0.127	0.002	0	0	0	
227	0.828	0.169	0.003	0	0	0	
228	0.888	0.112	0	0	0	0	
229	0.863	0.135	0.001	0	0.001	0	
230	0.868	0.126	0.006	0	0	0	
231	0.824	0.168	0.008	0	0	0	
232	0.896	0.103	0.001	0	0	0	
233	0.905	0.094	0.001	0	0	0	
234	0.895	0.102	0.003	0	0	0	
235	0.903	0.095	0.001	0	0.001	0	
236	0.867	0.129	0.004	0	0	0	
237	0.87	0.129	0.001	0	0	0	
238	0.921	0.077	0.002	0	0	0	
239	0.915	0.085	0	0	0	0	
240	0.914	0.086	0	0	0	0	
241	0.765	0.219	0.013	0.003	0	0	
242	0.645	0.335	0.012	0.007	0.001	0	
243	0.7	0.283	0.013	0.004	0	0	
244	0.709	0.276	0.012	0.003	0	0	
245	0.739	0.246	0.01	0.004	0.001	0	
246	0.623	0.357	0.016	0.004	0	0	
247	0.615	0.366	0.014	0.004	0.001	0	
248	0.702	0.282	0.014	0.001	0.001	0	
249	0.693	0.282	0.022	0.002	0.001	0	
250	0.679	0.298	0.014	0.006	0.003	0	
251	0.591	0.366	0.031	0.007	0.005	0	
252	0.707	0.277	0.013	0.003	0	0	
253	0.771	0.215	0.011	0.003	0	0	
254	0.726	0.257	0.013	0.004	0	0	
255	0.756	0.236	0.005	0.003	0	0	
256	0.663	0.306	0.025	0.005	0.001	0	
257	0.697	0.289	0.009	0.004	0	0.001	
258	0.758	0.234	0.005	0.003	0	0	
259	0.769	0.227	0.003	0.001	0	0	
260	0.812	0.183	0.005	0	0	0	
261	0.827	0.162	0.009	0.002	0	0	
262	0.632	0.326	0.03	0.011	0.001	0	
263	0.68	0.29	0.023	0.004	0.003	0	
264	0.696	0.266	0.027	0.01	0.001	0	
265	0.724	0.254	0.016	0.004	0.002	0	
266	0.636	0.339	0.012	0.012	0.001	0	
267	0.571	0.376	0.032	0.016	0.004	0.001	
268	0.68	0.293	0.02	0.006	0.001	0	
269	0.685	0.277	0.026	0.011	0.001	0	
270	0.671	0.3	0.022	0.005	0.001	0.001	
271	0.583	0.356	0.043	0.014	0.004	0	
272	0.787	0.199	0.01	0.003	0.001	0	
273	0.766	0.224	0.009	0.001	0	0	
274	0.74	0.241	0.016	0.002	0.001	0	
275	0.783	0.199	0.014	0.003	0.001	0	
276	0.665	0.298	0.031	0.006	0	0	
277	0.702	0.267	0.024	0.007	0	0	
278	0.796	0.196	0.008	0	0	0	
279	0.765	0.219	0.011	0.004	0.001	0	
280	0.809	0.182	0.005	0.003	0.001	0	
281	0.801	0.186	0.008	0.004	0.001	0	
282	0.606	0.329	0.042	0.016	0.005	0.002	
283	0.7	0.263	0.025	0.006	0.006	0	
284	0.682	0.285	0.021	0.008	0.004	0	
285	0.717	0.26	0.018	0.005	0	0	
286	0.608	0.351	0.025	0.014	0.001	0.001	
287	0.584	0.36	0.03	0.019	0.003	0.004	
288	0.683	0.28	0.025	0.01	0.002	0	
289	0.635	0.33	0.027	0.003	0.003	0.002	
290	0.633	0.322	0.029	0.012	0.003	0.001	
291	0.556	0.351	0.054	0.029	0.006	0.004	
292	0.742	0.232	0.017	0.008	0.001	0	
293	0.797	0.191	0.01	0.001	0.001	0	
294	0.752	0.215	0.024	0.007	0.001	0.001	
295	0.77	0.211	0.012	0.006	0	0.001	
296	0.653	0.3	0.035	0.008	0.003	0.001	
297	0.69	0.275	0.026	0.007	0.002	0	
298	0.782	0.205	0.01	0.002	0.001	0	
299	0.758	0.224	0.014	0.003	0.001	0	
300	0.803	0.186	0.006	0.005	0	0	
301	0.589	0.359	0.038	0.009	0.003	0.002	
302	0.395	0.459	0.08	0.046	0.011	0.009	
303	0.486	0.407	0.069	0.025	0.009	0.004	
304	0.495	0.396	0.071	0.026	0.007	0.005	
305	0.521	0.4	0.046	0.025	0.006	0.002	
306	0.454	0.468	0.054	0.018	0.004	0.002	
307	0.466	0.446	0.054	0.027	0.004	0.003	
308	0.507	0.391	0.06	0.028	0.011	0.003	
309	0.465	0.427	0.051	0.042	0.007	0.008	
310	0.459	0.417	0.074	0.028	0.018	0.004	
311	0.377	0.425	0.092	0.066	0.026	0.014	
312	0.523	0.382	0.06	0.026	0.006	0.003	
313	0.642	0.313	0.03	0.011	0.002	0.002	
314	0.598	0.335	0.039	0.018	0.01	0	
315	0.589	0.345	0.04	0.017	0.006	0.003	
316	0.469	0.397	0.071	0.039	0.014	0.01	
317	0.524	0.378	0.058	0.028	0.008	0.004	
318	0.619	0.338	0.023	0.015	0.004	0.001	
319	0.63	0.32	0.036	0.01	0.002	0.002	
320	0.66	0.295	0.028	0.014	0.002	0.001	
321	0.638	0.31	0.029	0.015	0.004	0.004	
322	0.375	0.445	0.09	0.057	0.018	0.015	
323	0.472	0.401	0.068	0.04	0.012	0.007	
324	0.472	0.413	0.061	0.031	0.013	0.01	
325	0.504	0.408	0.052	0.025	0.007	0.004	
326	0.431	0.473	0.067	0.022	0.007	0	
327	0.435	0.483	0.058	0.022	0.002	0	
328	0.478	0.398	0.067	0.039	0.012	0.006	
329	0.43	0.442	0.075	0.038	0.012	0.003	
330	0.435	0.438	0.072	0.036	0.015	0.004	
331	0.371	0.411	0.104	0.072	0.023	0.019	
332	0.611	0.318	0.035	0.026	0.007	0.003	
333	0.651	0.32	0.021	0.007	0.001	0	
334	0.579	0.342	0.052	0.018	0.007	0.002	
335	0.601	0.323	0.052	0.016	0.004	0.004	
336	0.471	0.407	0.063	0.038	0.012	0.009	
337	0.516	0.388	0.06	0.022	0.01	0.004	
338	0.628	0.332	0.024	0.012	0.004	0	
339	0.626	0.329	0.034	0.008	0	0.003	
340	0.659	0.311	0.02	0.007	0.002	0.001	
341	0.873	0.087	0.028	0.006	0.004	0.002	
342	0.621	0.184	0.108	0.052	0.021	0.014	
343	0.711	0.165	0.064	0.038	0.012	0.01	
344	0.705	0.161	0.079	0.038	0.01	0.007	
345	0.766	0.14	0.051	0.031	0.006	0.006	
346	0.776	0.155	0.051	0.015	0.001	0.002	
347	0.795	0.147	0.043	0.012	0.002	0.001	
348	0.725	0.147	0.075	0.034	0.011	0.008	
349	0.695	0.179	0.072	0.033	0.013	0.008	
350	0.691	0.173	0.084	0.031	0.011	0.01	
351	0.582	0.19	0.113	0.066	0.025	0.024	
352	0.798	0.129	0.041	0.022	0.007	0.003	
353	0.863	0.101	0.025	0.007	0.003	0.001	
354	0.819	0.118	0.042	0.015	0.005	0.001	
355	0.824	0.103	0.046	0.021	0.004	0.002	
356	0.717	0.165	0.068	0.027	0.012	0.011	
357	0.789	0.127	0.05	0.02	0.008	0.006	
358	0.869	0.102	0.024	0.004	0.001	0	
359	0.875	0.089	0.028	0.007	0	0.001	
360	0.899	0.084	0.011	0.006	0	0	
361	0.862	0.099	0.022	0.015	0.002	0	
362	0.609	0.196	0.091	0.065	0.024	0.015	
363	0.695	0.172	0.076	0.032	0.019	0.006	
364	0.743	0.144	0.061	0.032	0.015	0.005	
365	0.77	0.158	0.037	0.02	0.012	0.003	
366	0.783	0.158	0.041	0.012	0.004	0.002	
367	0.826	0.132	0.032	0.008	0.002	0	
368	0.718	0.155	0.064	0.043	0.013	0.007	
369	0.713	0.174	0.059	0.039	0.008	0.007	
370	0.673	0.184	0.075	0.04	0.016	0.012	
371	0.596	0.176	0.107	0.068	0.025	0.028	
372	0.817	0.115	0.042	0.019	0.002	0.005	
373	0.912	0.068	0.014	0.003	0.003	0	
374	0.828	0.119	0.037	0.011	0.001	0.004	
375	0.851	0.1	0.028	0.017	0.003	0.001	
376	0.729	0.154	0.063	0.033	0.014	0.007	
377	0.796	0.122	0.045	0.028	0.005	0.004	
378	0.894	0.078	0.017	0.007	0.004	0	
379	0.881	0.089	0.019	0.006	0.003	0.002	
380	0.924	0.053	0.018	0.002	0.002	0.001	
381	0.893	0.077	0.018	0.01	0.001	0.001	
382	0.623	0.184	0.081	0.078	0.021	0.013	
383	0.707	0.16	0.067	0.04	0.019	0.007	
384	0.717	0.166	0.056	0.04	0.015	0.006	
385	0.764	0.142	0.052	0.027	0.003	0.012	
386	0.843	0.119	0.031	0.006	0.001	0	
387	0.862	0.106	0.021	0.011	0	0	
388	0.72	0.148	0.075	0.037	0.009	0.011	
389	0.719	0.157	0.068	0.034	0.017	0.005	
390	0.696	0.17	0.074	0.029	0.024	0.007	
391	0.606	0.191	0.081	0.067	0.033	0.022	
392	0.856	0.087	0.036	0.016	0.001	0.004	
393	0.926	0.058	0.012	0.003	0.001	0	
394	0.844	0.106	0.034	0.01	0.004	0.002	
395	0.866	0.09	0.03	0.011	0.002	0.001	
396	0.745	0.141	0.065	0.031	0.012	0.006	
397	0.818	0.116	0.044	0.014	0.007	0.001	
398	0.901	0.075	0.014	0.009	0.001	0	
399	0.901	0.075	0.018	0.003	0.002	0.001	
400	0.941	0.044	0.013	0.002	0	0	
401	0.933	0.048	0.011	0.006	0.001	0.001	
402	0.711	0.135	0.079	0.043	0.021	0.011	
403	0.756	0.141	0.055	0.033	0.008	0.007	
404	0.768	0.135	0.051	0.026	0.012	0.008	
405	0.815	0.109	0.046	0.024	0.004	0.002	
406	0.9	0.088	0.011	0.001	0	0	
407	0.902	0.079	0.016	0.003	0	0	
408	0.772	0.131	0.051	0.027	0.007	0.012	
409	0.788	0.129	0.042	0.03	0.01	0.001	
410	0.753	0.145	0.056	0.028	0.011	0.007	
411	0.673	0.159	0.077	0.058	0.021	0.012	
412	0.9	0.069	0.018	0.008	0.004	0.001	
413	0.961	0.031	0.005	0.002	0.001	0	
414	0.9	0.064	0.021	0.014	0	0.001	
415	0.895	0.073	0.022	0.009	0.001	0	
416	0.832	0.11	0.027	0.018	0.009	0.004	
417	0.87	0.089	0.024	0.011	0.005	0.001	
418	0.94	0.047	0.01	0.002	0.001	0	
419	0.942	0.043	0.012	0.002	0.001	0	
420	0.97	0.027	0.003	0	0	0	
421	0.97	0.018	0.01	0.001	0.001	0	
422	0.809	0.077	0.063	0.033	0.011	0.007	
423	0.834	0.069	0.05	0.031	0.012	0.004	
424	0.832	0.087	0.054	0.022	0.004	0.001	
425	0.868	0.063	0.035	0.025	0.005	0.004	
426	0.96	0.03	0.009	0.001	0	0	
427	0.972	0.024	0.004	0	0	0	
428	0.847	0.062	0.041	0.033	0.009	0.008	
429	0.846	0.073	0.045	0.029	0.006	0.001	
430	0.819	0.076	0.057	0.035	0.006	0.007	
431	0.768	0.089	0.069	0.043	0.019	0.012	
432	0.945	0.029	0.018	0.007	0.001	0	
433	0.987	0.01	0.003	0	0	0	
434	0.96	0.023	0.01	0.006	0	0.001	
435	0.951	0.035	0.008	0.006	0	0	
436	0.91	0.049	0.027	0.011	0.002	0.001	
437	0.943	0.03	0.018	0.006	0.001	0.002	
438	0.978	0.018	0.001	0.002	0.001	0	
439	0.978	0.012	0.009	0.001	0	0	
440	0.995	0.003	0.002	0	0	0	
441	0.974	0.016	0.003	0.006	0.001	0	
442	0.794	0.097	0.059	0.028	0.014	0.008	
443	0.828	0.073	0.052	0.033	0.007	0.007	
444	0.83	0.076	0.055	0.027	0.01	0.002	
445	0.879	0.061	0.036	0.017	0.004	0.003	
446	0.969	0.022	0.008	0.001	0	0	
447	0.969	0.017	0.01	0.004	0	0	
448	0.847	0.075	0.046	0.02	0.007	0.005	
449	0.847	0.082	0.047	0.02	0.001	0.003	
450	0.841	0.068	0.046	0.028	0.011	0.006	
451	0.774	0.094	0.062	0.036	0.023	0.011	
452	0.962	0.024	0.01	0.003	0.001	0	
453	0.989	0.008	0.003	0	0	0	
454	0.957	0.027	0.011	0.005	0	0	
455	0.969	0.02	0.007	0.002	0.002	0	
456	0.933	0.042	0.015	0.008	0.002	0	
457	0.932	0.038	0.02	0.007	0.002	0.001	
458	0.977	0.016	0.005	0.001	0.001	0	
459	0.978	0.01	0.008	0.003	0.001	0	
460	0.992	0.005	0.003	0	0	0	
461	1	0	0	0	0	0	
462	0.854	0.076	0.035	0.023	0.008	0.004	
463	0.876	0.062	0.037	0.015	0.006	0.004	
464	0.869	0.072	0.027	0.021	0.009	0.002	
465	0.884	0.053	0.037	0.019	0.006	0.001	
466	0.996	0.004	0	0	0	0	
467	0.99	0.005	0.005	0	0	0	
468	0.888	0.052	0.027	0.02	0.008	0.005	
469	0.884	0.055	0.032	0.022	0.005	0.002	
470	0.874	0.058	0.025	0.03	0.008	0.005	
471	0.819	0.079	0.049	0.032	0.009	0.012	
472	0.998	0.002	0	0	0	0	
473	0.995	0.003	0.001	0.001	0	0	
474	0.984	0.009	0.005	0.002	0	0	
475	0.988	0.008	0.003	0	0	0.001	
476	0.963	0.026	0.009	0.002	0	0	
477	0.982	0.01	0.005	0.002	0.001	0	
478	0.992	0.007	0.001	0	0	0	
479	0.992	0.005	0.003	0	0	0	
480	0.997	0.002	0.001	0	0	0	
481	0.7	0.161	0.093	0.033	0.01	0.003	
482	0.732	0.144	0.067	0.043	0.01	0.004	
483	0.702	0.151	0.084	0.055	0.007	0.001	
484	0.721	0.14	0.084	0.044	0.008	0.003	
485	0.725	0.14	0.095	0.028	0.007	0.005	
486	0.577	0.199	0.133	0.065	0.021	0.005	
487	0.571	0.2	0.143	0.063	0.017	0.006	
488	0.713	0.137	0.104	0.035	0.008	0.003	
489	0.73	0.128	0.078	0.05	0.012	0.002	
490	0.727	0.129	0.08	0.049	0.012	0.003	
491	0.743	0.131	0.079	0.033	0.009	0.005	
492	0.703	0.158	0.087	0.046	0.006	0	
493	0.609	0.162	0.139	0.057	0.023	0.01	
494	0.62	0.162	0.126	0.066	0.015	0.011	
495	0.642	0.158	0.114	0.056	0.016	0.014	
496	0.671	0.145	0.114	0.045	0.018	0.007	
497	0.679	0.141	0.113	0.055	0.012	0	
498	0.582	0.141	0.105	0.083	0.043	0.046	
499	0.647	0.159	0.103	0.054	0.025	0.012	
500	0.64	0.185	0.104	0.056	0.01	0.005	
