配构件编号：	1
Floor	DS1	DS2	DS3	DS4
1	1	0	0	0	
2	1	0	0	0	
3	1	0	0	0	
4	1	0	0	0	
5	1	0	0	0	
6	1	0	0	0	
7	1	0	0	0	


配构件编号：	2
Floor	DS1	DS2	DS3	DS4
1	0.988	0.012	0	0	
2	0.997	0.003	0	0	
3	0.994	0.006	0	0	
4	0.996	0.004	0	0	
5	0.998	0.002	0	0	
6	0.994	0.006	0	0	
7	0.977	0.023	0	0	


配构件编号：	3
Floor	DS1	DS2	DS3	DS4
1	0.888	0.112	0	0	
2	0.945	0.055	0	0	
3	0.936	0.064	0	0	
4	0.905	0.095	0	0	
5	0.929	0.071	0	0	
6	0.918	0.082	0	0	
7	0.791	0.209	0	0	


配构件编号：	4
Floor	DS1	DS2	DS3	DS4
1	1	0	0	0	
2	1	0	0	0	
3	1	0	0	0	
4	1	0	0	0	
5	1	0	0	0	
6	1	0	0	0	
7	1	0	0	0	


配构件编号：	5
Floor	DS1	DS2	DS3	DS4
1	1	0	0	0	
2	1	0	0	0	
3	1	0	0	0	
4	1	0	0	0	
5	1	0	0	0	
6	1	0	0	0	
7	1	0	0	0	


配构件编号：	6
Floor	DS1	DS2	DS3	DS4
1	0.999	0.001	0	0	
2	0.999	0.001	0	0	
3	1	0	0	0	
4	0.999	0.001	0	0	
5	1	0	0	0	
6	1	0	0	0	
7	0.999	0.001	0	0	


配构件编号：	7
Floor	DS1	DS2	DS3	DS4
1	0.965	0.035	0	0	
2	0.98	0.02	0	0	
3	0.976	0.023	0.001	0	
4	0.963	0.035	0.002	0	
5	0.979	0.02	0.001	0	
6	0.968	0.032	0	0	
7	0.944	0.054	0.002	0	


配构件编号：	8
Floor	DS1	DS2	DS3	DS4
1	0.999	0.001	0	0	
2	1	0	0	0	
3	1	0	0	0	
4	1	0	0	0	
5	0.999	0.001	0	0	
6	1	0	0	0	
7	0.998	0.002	0	0	


配构件编号：	9
Floor	DS1	DS2	DS3	DS4
1	1	0	0	0	
2	1	0	0	0	
3	1	0	0	0	
4	1	0	0	0	
5	1	0	0	0	
6	1	0	0	0	
7	1	0	0	0	


配构件编号：	10
Floor	DS1	DS2	DS3	DS4
1	0.999	0.001	0	0	
2	1	0	0	0	
3	1	0	0	0	
4	0.998	0.002	0	0	
5	0.999	0.001	0	0	
6	0.999	0.001	0	0	
7	0.998	0.002	0	0	


配构件编号：	11
Floor	DS1	DS2	DS3	DS4
1	0.957	0.041	0.002	0	
2	0.979	0.02	0.001	0	
3	0.978	0.022	0	0	
4	0.971	0.027	0.002	0	
5	0.988	0.012	0	0	
6	0.966	0.034	0	0	
7	0.922	0.075	0.003	0	


配构件编号：	12
Floor	DS1	DS2	DS3	DS4
1	1	0	0	0	
2	1	0	0	0	
3	1	0	0	0	
4	1	0	0	0	
5	1	0	0	0	
6	1	0	0	0	
7	1	0	0	0	


配构件编号：	13
Floor	DS1	DS2	DS3	DS4
1	0.998	0.002	0	0	
2	1	0	0	0	
3	1	0	0	0	
4	0.998	0.001	0.001	0	
5	0.999	0	0.001	0	
6	0.997	0.003	0	0	
7	0.995	0.003	0.002	0	


配构件编号：	14
Floor	DS1	DS2	DS3	DS4
1	1	0	0	0	
2	1	0	0	0	
3	0.999	0.001	0	0	
4	1	0	0	0	
5	1	0	0	0	
6	1	0	0	0	
7	1	0	0	0	


配构件编号：	15
Floor	DS1	DS2	DS3	DS4
1	0.968	0.031	0.001	0	
2	0.981	0.019	0	0	
3	0.976	0.024	0	0	
4	0.977	0.022	0.001	0	
5	0.979	0.021	0	0	
6	0.969	0.03	0.001	0	
7	0.922	0.074	0.004	0	


配构件编号：	16
Floor	DS1	DS2	DS3	DS4
1	0.392	0.608	0	0	
2	0.545	0.455	0	0	
3	0.528	0.472	0	0	
4	0.406	0.594	0	0	
5	0.514	0.486	0	0	
6	0.474	0.526	0	0	
7	0.227	0.773	0	0	


配构件编号：	17
Floor	DS1	DS2	DS3	DS4
1	0.973	0.027	0	0	
2	0.989	0.011	0	0	
3	0.995	0.005	0	0	
4	0.98	0.02	0	0	
5	0.986	0.014	0	0	
6	0.975	0.025	0	0	
7	0.941	0.059	0	0	


配构件编号：	18
Floor	DS1	DS2	DS3	DS4
1	0.62	0.38	0	0	
2	0.71	0.29	0	0	
3	0.685	0.315	0	0	
4	0.66	0.34	0	0	
5	0.698	0.302	0	0	
6	0.651	0.349	0	0	
7	0.464	0.536	0	0	


配构件编号：	19
Floor	DS1	DS2	DS3	DS4
1	1	0	0	0	
2	1	0	0	0	
3	1	0	0	0	
4	1	0	0	0	
5	1	0	0	0	
6	1	0	0	0	
7	1	0	0	0	


配构件编号：	20
Floor	DS1	DS2	DS3	DS4
1	1	0	0	0	
2	1	0	0	0	
3	1	0	0	0	
4	1	0	0	0	
5	1	0	0	0	
6	1	0	0	0	
7	1	0	0	0	


配构件编号：	21
Floor	DS1	DS2	DS3	DS4
1	1	0	0	0	
2	1	0	0	0	
3	1	0	0	0	
4	1	0	0	0	
5	1	0	0	0	
6	1	0	0	0	
7	1	0	0	0	


配构件编号：	22
Floor	DS1	DS2	DS3	DS4
1	1	0	0	0	
2	1	0	0	0	
3	1	0	0	0	
4	1	0	0	0	
5	1	0	0	0	
6	1	0	0	0	
7	1	0	0	0	


配构件编号：	23
Floor	DS1	DS2	DS3	DS4
1	0.982	0.018	0	0	
2	0.987	0.013	0	0	
3	0.987	0.013	0	0	
4	0.976	0.024	0	0	
5	0.989	0.011	0	0	
6	0.987	0.013	0	0	
7	0.925	0.075	0	0	


配构件编号：	24
Floor	DS1	DS2	DS3	DS4
1	0.621	0.379	0	0	
2	0.756	0.244	0	0	
3	0.692	0.308	0	0	
4	0.661	0.339	0	0	
5	0.734	0.266	0	0	
6	0.677	0.323	0	0	
7	0.451	0.549	0	0	


配构件编号：	25
Floor	DS1	DS2	DS3	DS4
1	0.995	0.005	0	0	
2	0.993	0.007	0	0	
3	0.997	0.003	0	0	
4	0.995	0.005	0	0	
5	0.999	0.001	0	0	
6	0.997	0.003	0	0	
7	0.985	0.015	0	0	


配构件编号：	26
Floor	DS1	DS2	DS3	DS4
1	0.993	0.007	0	0	
2	0.999	0.001	0	0	
3	0.998	0.002	0	0	
4	0.997	0.003	0	0	
5	0.997	0.003	0	0	
6	0.992	0.008	0	0	
7	0.985	0.015	0	0	


配构件编号：	27
Floor	DS1	DS2	DS3	DS4
1	1	0	0	0	
2	1	0	0	0	
3	1	0	0	0	
4	1	0	0	0	
5	1	0	0	0	
6	1	0	0	0	
7	1	0	0	0	


配构件编号：	28
Floor	DS1	DS2	DS3	DS4
1	1	0	0	0	
2	1	0	0	0	
3	1	0	0	0	
4	0.999	0.001	0	0	
5	1	0	0	0	
6	1	0	0	0	
7	0.999	0.001	0	0	


