ID	volume	 mp(left)	mp(ÁºÖÐ)	mp(right)	h	EI
1	2.331	1393484.928	1107552.223	1393484.928	0.7	308700000
2	2.331	1393484.928	1107552.223	1393484.928	0.7	308700000
3	2.331	1393484.928	1107552.223	1393484.928	0.7	308700000
4	2.331	1393484.928	1107552.223	1393484.928	0.7	308700000
5	2.331	1393484.928	1107552.223	1393484.928	0.7	308700000
6	2.331	1393484.928	1107552.223	1393484.928	0.7	308700000
7	2.331	1393484.928	1107552.223	1393484.928	0.7	308700000
8	2.331	1393484.928	1107552.223	1393484.928	0.7	308700000
9	2.331	1393484.928	1107552.223	1393484.928	0.7	308700000
10	2.331	1393484.928	1107552.223	1393484.928	0.7	308700000
11	2.331	1393484.928	1107552.223	1393484.928	0.7	308700000
12	2.331	1393484.928	1107552.223	1393484.928	0.7	308700000
13	2.331	1393484.928	1107552.223	1393484.928	0.7	308700000
14	2.331	1393484.928	1107552.223	1393484.928	0.7	308700000
15	2.331	1393484.928	1107552.223	1393484.928	0.7	308700000
16	2.331	1393484.928	1107552.223	1393484.928	0.7	308700000
17	2.331	1393484.928	1107552.223	1393484.928	0.7	308700000
18	2.331	1393484.928	1107552.223	1393484.928	0.7	308700000
19	2.331	1393484.928	1107552.223	1393484.928	0.7	308700000
20	2.331	1393484.928	1107552.223	1393484.928	0.7	308700000
21	2.331	1393484.928	1107552.223	1393484.928	0.7	308700000
22	2.331	1393484.928	1107552.223	1393484.928	0.7	308700000
23	2.331	1393484.928	1107552.223	1393484.928	0.7	308700000
24	2.331	1393484.928	1107552.223	1393484.928	0.7	308700000
25	2.331	1393484.928	1107552.223	1393484.928	0.7	308700000
26	2.331	1393484.928	1107552.223	1393484.928	0.7	308700000
27	2.331	1393484.928	1107552.223	1393484.928	0.7	308700000
28	2.331	1393484.928	1107552.223	1393484.928	0.7	308700000
29	2.331	1393484.928	1107552.223	1393484.928	0.7	308700000
30	2.331	1393484.928	1107552.223	1393484.928	0.7	308700000
31	2.331	1393484.928	1107552.223	1393484.928	0.7	308700000
32	2.331	1393484.928	1107552.223	1393484.928	0.7	308700000
33	2.331	1393484.928	1107552.223	1393484.928	0.7	308700000
34	2.331	1393484.928	1107552.223	1393484.928	0.7	308700000
35	2.331	1393484.928	1107552.223	1393484.928	0.7	308700000
36	2.331	1393484.928	1107552.223	1393484.928	0.7	308700000
37	2.331	1393484.928	1107552.223	1393484.928	0.7	308700000
38	2.331	1393484.928	1107552.223	1393484.928	0.7	308700000
39	2.331	1393484.928	1107552.223	1393484.928	0.7	308700000
40	2.331	1393484.928	1107552.223	1393484.928	0.7	308700000
41	2.331	1393484.928	1107552.223	1393484.928	0.7	308700000
42	2.331	1393484.928	1107552.223	1393484.928	0.7	308700000
43	2.331	1393484.928	1107552.223	1393484.928	0.7	308700000
44	2.331	1393484.928	1107552.223	1393484.928	0.7	308700000
45	2.331	1393484.928	1107552.223	1393484.928	0.7	308700000
46	2.331	1393484.928	1107552.223	1393484.928	0.7	308700000
47	2.331	1393484.928	1107552.223	1393484.928	0.7	308700000
48	2.331	1393484.928	1107552.223	1393484.928	0.7	308700000
49	2.331	1393484.928	1107552.223	1393484.928	0.7	308700000
50	2.331	1393484.928	1107552.223	1393484.928	0.7	308700000
51	2.331	1393484.928	1107552.223	1393484.928	0.7	308700000
52	2.331	1393484.928	1107552.223	1393484.928	0.7	308700000
53	2.331	1393484.928	1107552.223	1393484.928	0.7	308700000
54	2.331	1393484.928	1107552.223	1393484.928	0.7	308700000
55	2.331	1393484.928	1107552.223	1393484.928	0.7	308700000
56	2.331	1393484.928	1107552.223	1393484.928	0.7	308700000
57	2.331	1393484.928	1107552.223	1393484.928	0.7	308700000
58	2.331	1393484.928	1107552.223	1393484.928	0.7	308700000
59	2.331	1393484.928	1107552.223	1393484.928	0.7	308700000
60	2.331	1393484.928	1107552.223	1393484.928	0.7	308700000
61	2.331	1393484.928	1107552.223	1393484.928	0.7	308700000
62	2.331	1393484.928	1107552.223	1393484.928	0.7	308700000
63	2.331	1393484.928	1107552.223	1393484.928	0.7	308700000
64	2.331	1393484.928	1107552.223	1393484.928	0.7	308700000
65	2.331	1393484.928	1107552.223	1393484.928	0.7	308700000
66	2.331	1393484.928	1107552.223	1393484.928	0.7	308700000
67	2.331	1393484.928	1107552.223	1393484.928	0.7	308700000
68	2.331	1393484.928	1107552.223	1393484.928	0.7	308700000
69	2.331	1393484.928	1107552.223	1393484.928	0.7	308700000
70	2.331	1393484.928	1107552.223	1393484.928	0.7	308700000
71	2.331	1393484.928	1107552.223	1393484.928	0.7	308700000
72	2.331	1393484.928	1107552.223	1393484.928	0.7	308700000
73	2.331	1393484.928	1107552.223	1393484.928	0.7	308700000
74	2.331	1393484.928	1107552.223	1393484.928	0.7	308700000
75	2.331	1393484.928	1107552.223	1393484.928	0.7	308700000
76	2.331	1393484.928	1107552.223	1393484.928	0.7	308700000
77	2.331	1393484.928	1107552.223	1393484.928	0.7	308700000
78	2.331	1393484.928	1107552.223	1393484.928	0.7	308700000
79	2.331	1393484.928	1107552.223	1393484.928	0.7	308700000
80	2.331	1393484.928	1107552.223	1393484.928	0.7	308700000
81	2.331	1393484.928	1107552.223	1393484.928	0.7	308700000
82	2.331	1393484.928	1107552.223	1393484.928	0.7	308700000
83	2.331	1393484.928	1107552.223	1393484.928	0.7	308700000
84	2.331	1393484.928	1107552.223	1393484.928	0.7	308700000
85	2.331	1393484.928	1107552.223	1393484.928	0.7	308700000
86	2.331	1393484.928	1107552.223	1393484.928	0.7	308700000
87	2.331	1393484.928	1107552.223	1393484.928	0.7	308700000
88	2.331	1393484.928	1107552.223	1393484.928	0.7	308700000
89	2.331	1393484.928	1107552.223	1393484.928	0.7	308700000
90	2.331	1393484.928	1107552.223	1393484.928	0.7	308700000
91	2.331	1393484.928	1107552.223	1393484.928	0.7	308700000
92	2.331	1393484.928	1107552.223	1393484.928	0.7	308700000
93	2.331	1393484.928	1107552.223	1393484.928	0.7	308700000
94	2.331	1393484.928	1107552.223	1393484.928	0.7	308700000
95	2.331	1393484.928	1107552.223	1393484.928	0.7	308700000
96	2.331	1393484.928	1107552.223	1393484.928	0.7	308700000
97	2.331	1393484.928	1107552.223	1393484.928	0.7	308700000
98	2.331	1393484.928	1107552.223	1393484.928	0.7	308700000
99	2.331	1393484.928	1107552.223	1393484.928	0.7	308700000
100	2.331	1393484.928	1107552.223	1393484.928	0.7	308700000
101	2.331	1393484.928	1107552.223	1393484.928	0.7	308700000
102	2.331	1393484.928	1107552.223	1393484.928	0.7	308700000
103	2.331	1393484.928	1107552.223	1393484.928	0.7	308700000
104	2.331	1393484.928	1107552.223	1393484.928	0.7	308700000
105	2.331	1393484.928	1107552.223	1393484.928	0.7	308700000
106	2.331	1393484.928	1107552.223	1393484.928	0.7	308700000
107	2.331	1393484.928	1107552.223	1393484.928	0.7	308700000
108	2.331	1393484.928	1107552.223	1393484.928	0.7	308700000
109	2.331	1393484.928	1107552.223	1393484.928	0.7	308700000
110	2.331	1393484.928	1107552.223	1393484.928	0.7	308700000
111	2.331	1393484.928	1107552.223	1393484.928	0.7	308700000
112	2.331	1393484.928	1107552.223	1393484.928	0.7	308700000
113	2.331	1393484.928	1107552.223	1393484.928	0.7	308700000
114	2.331	1393484.928	1107552.223	1393484.928	0.7	308700000
115	2.331	1393484.928	1107552.223	1393484.928	0.7	308700000
116	2.331	1393484.928	1107552.223	1393484.928	0.7	308700000
117	2.331	1393484.928	1107552.223	1393484.928	0.7	308700000
118	2.331	1393484.928	1107552.223	1393484.928	0.7	308700000
119	2.331	1393484.928	1107552.223	1393484.928	0.7	308700000
120	2.331	1393484.928	1107552.223	1393484.928	0.7	308700000
121	2.331	1393484.928	1107552.223	1393484.928	0.7	308700000
122	2.331	1393484.928	1107552.223	1393484.928	0.7	308700000
123	2.331	1393484.928	1107552.223	1393484.928	0.7	308700000
124	2.331	1393484.928	1107552.223	1393484.928	0.7	308700000
125	2.331	1393484.928	1107552.223	1393484.928	0.7	308700000
126	2.331	1393484.928	1107552.223	1393484.928	0.7	308700000
127	2.331	1393484.928	1107552.223	1393484.928	0.7	308700000
128	2.331	1393484.928	1107552.223	1393484.928	0.7	308700000
129	2.331	1393484.928	1107552.223	1393484.928	0.7	308700000
130	2.331	1393484.928	1107552.223	1393484.928	0.7	308700000
131	2.331	1393484.928	1107552.223	1393484.928	0.7	308700000
132	2.331	1393484.928	1107552.223	1393484.928	0.7	308700000
133	2.331	1393484.928	1107552.223	1393484.928	0.7	308700000
134	2.331	1393484.928	1107552.223	1393484.928	0.7	308700000
135	2.331	1393484.928	1107552.223	1393484.928	0.7	308700000
136	2.331	1393484.928	1107552.223	1393484.928	0.7	308700000
137	2.331	1393484.928	1107552.223	1393484.928	0.7	308700000
138	2.331	1393484.928	1107552.223	1393484.928	0.7	308700000
139	2.331	1393484.928	1107552.223	1393484.928	0.7	308700000
140	2.331	1393484.928	1107552.223	1393484.928	0.7	308700000
141	2.331	1393484.928	1107552.223	1393484.928	0.7	308700000
142	2.331	1393484.928	1107552.223	1393484.928	0.7	308700000
143	2.331	1393484.928	1107552.223	1393484.928	0.7	308700000
144	2.331	1393484.928	1107552.223	1393484.928	0.7	308700000
145	2.331	1393484.928	1107552.223	1393484.928	0.7	308700000
146	2.331	1393484.928	1107552.223	1393484.928	0.7	308700000
147	2.331	1393484.928	1107552.223	1393484.928	0.7	308700000
148	2.331	1393484.928	1107552.223	1393484.928	0.7	308700000
149	2.331	1393484.928	1107552.223	1393484.928	0.7	308700000
150	2.331	1393484.928	1107552.223	1393484.928	0.7	308700000
151	2.331	1393484.928	1107552.223	1393484.928	0.7	308700000
152	2.331	1393484.928	1107552.223	1393484.928	0.7	308700000
153	2.331	1393484.928	1107552.223	1393484.928	0.7	308700000
154	2.331	1393484.928	1107552.223	1393484.928	0.7	308700000
155	2.331	1393484.928	1107552.223	1393484.928	0.7	308700000
156	2.331	1393484.928	1107552.223	1393484.928	0.7	308700000
157	2.331	1393484.928	1107552.223	1393484.928	0.7	308700000
158	2.331	1393484.928	1107552.223	1393484.928	0.7	308700000
159	2.331	1393484.928	1107552.223	1393484.928	0.7	308700000
160	2.331	1393484.928	1107552.223	1393484.928	0.7	308700000
161	2.331	1393484.928	1107552.223	1393484.928	0.7	308700000
162	2.331	1393484.928	1107552.223	1393484.928	0.7	308700000
163	2.331	1393484.928	1107552.223	1393484.928	0.7	308700000
164	2.331	1393484.928	1107552.223	1393484.928	0.7	308700000
165	2.331	1393484.928	1107552.223	1393484.928	0.7	308700000
166	2.331	1393484.928	1107552.223	1393484.928	0.7	308700000
167	2.331	1393484.928	1107552.223	1393484.928	0.7	308700000
168	2.331	1393484.928	1107552.223	1393484.928	0.7	308700000
169	2.331	1393484.928	1107552.223	1393484.928	0.7	308700000
170	2.331	1393484.928	1107552.223	1393484.928	0.7	308700000
171	2.331	1393484.928	1107552.223	1393484.928	0.7	308700000
172	2.331	1393484.928	1107552.223	1393484.928	0.7	308700000
173	2.331	1393484.928	1107552.223	1393484.928	0.7	308700000
174	2.331	1393484.928	1107552.223	1393484.928	0.7	308700000
175	2.331	1393484.928	1107552.223	1393484.928	0.7	308700000
176	2.331	1393484.928	1107552.223	1393484.928	0.7	308700000
177	2.331	1393484.928	1107552.223	1393484.928	0.7	308700000
178	2.331	1393484.928	1107552.223	1393484.928	0.7	308700000
179	2.331	1393484.928	1107552.223	1393484.928	0.7	308700000
180	2.331	1393484.928	1107552.223	1393484.928	0.7	308700000
181	2.331	1393484.928	1107552.223	1393484.928	0.7	308700000
182	2.331	1393484.928	1107552.223	1393484.928	0.7	308700000
183	2.331	1393484.928	1107552.223	1393484.928	0.7	308700000
184	2.331	1393484.928	1107552.223	1393484.928	0.7	308700000
185	2.331	1393484.928	1107552.223	1393484.928	0.7	308700000
186	2.331	1393484.928	1107552.223	1393484.928	0.7	308700000
187	2.331	1393484.928	1107552.223	1393484.928	0.7	308700000
188	2.331	1393484.928	1107552.223	1393484.928	0.7	308700000
189	2.331	1393484.928	1107552.223	1393484.928	0.7	308700000
190	2.331	1393484.928	1107552.223	1393484.928	0.7	308700000
191	2.331	1393484.928	1107552.223	1393484.928	0.7	308700000
192	2.331	1393484.928	1107552.223	1393484.928	0.7	308700000
193	2.331	1393484.928	1107552.223	1393484.928	0.7	308700000
194	2.331	1393484.928	1107552.223	1393484.928	0.7	308700000
195	2.331	1393484.928	1107552.223	1393484.928	0.7	308700000
196	2.331	1393484.928	1107552.223	1393484.928	0.7	308700000
197	2.331	1393484.928	1107552.223	1393484.928	0.7	308700000
198	2.331	1393484.928	1107552.223	1393484.928	0.7	308700000
199	2.331	1393484.928	1107552.223	1393484.928	0.7	308700000
200	2.331	1393484.928	1107552.223	1393484.928	0.7	308700000
201	2.331	1393484.928	1107552.223	1393484.928	0.7	308700000
202	2.331	1393484.928	1107552.223	1393484.928	0.7	308700000
203	2.331	1393484.928	1107552.223	1393484.928	0.7	308700000
204	2.331	1393484.928	1107552.223	1393484.928	0.7	308700000
205	2.331	1493804.928	1179790.019	1493804.928	0.7	308700000
206	2.331	1493804.928	1179790.019	1493804.928	0.7	308700000
207	2.331	1493804.928	1179790.019	1493804.928	0.7	308700000
208	2.331	1493804.928	1179790.019	1493804.928	0.7	308700000
209	2.331	1493804.928	1179790.019	1493804.928	0.7	308700000
210	2.331	1493804.928	1179790.019	1493804.928	0.7	308700000
211	2.331	1493804.928	1179790.019	1493804.928	0.7	308700000
212	2.331	1493804.928	1179790.019	1493804.928	0.7	308700000
213	2.331	1493804.928	1179790.019	1493804.928	0.7	308700000
214	2.331	1493804.928	1179790.019	1493804.928	0.7	308700000
215	2.331	1493804.928	1179790.019	1493804.928	0.7	308700000
216	2.331	1493804.928	1179790.019	1493804.928	0.7	308700000
217	2.331	1493804.928	1179790.019	1493804.928	0.7	308700000
218	2.331	1493804.928	1179790.019	1493804.928	0.7	308700000
219	2.331	1493804.928	1179790.019	1493804.928	0.7	308700000
220	2.331	1493804.928	1179790.019	1493804.928	0.7	308700000
221	2.331	1493804.928	1179790.019	1493804.928	0.7	308700000
222	2.331	1493804.928	1179790.019	1493804.928	0.7	308700000
223	2.331	1493804.928	1179790.019	1493804.928	0.7	308700000
224	2.331	1493804.928	1179790.019	1493804.928	0.7	308700000
225	2.331	1493804.928	1179790.019	1493804.928	0.7	308700000
226	2.331	1493804.928	1179790.019	1493804.928	0.7	308700000
227	2.331	1493804.928	1179790.019	1493804.928	0.7	308700000
228	2.331	1493804.928	1179790.019	1493804.928	0.7	308700000
229	2.331	1493804.928	1179790.019	1493804.928	0.7	308700000
230	2.331	1493804.928	1179790.019	1493804.928	0.7	308700000
231	2.331	1493804.928	1179790.019	1493804.928	0.7	308700000
232	2.331	1493804.928	1179790.019	1493804.928	0.7	308700000
233	2.331	1493804.928	1179790.019	1493804.928	0.7	308700000
234	2.331	1493804.928	1179790.019	1493804.928	0.7	308700000
235	2.331	1493804.928	1179790.019	1493804.928	0.7	308700000
236	2.331	1493804.928	1179790.019	1493804.928	0.7	308700000
237	2.331	1493804.928	1179790.019	1493804.928	0.7	308700000
238	2.331	1493804.928	1179790.019	1493804.928	0.7	308700000
239	2.331	1493804.928	1179790.019	1493804.928	0.7	308700000
240	2.331	1493804.928	1179790.019	1493804.928	0.7	308700000
241	2.331	1493804.928	1179790.019	1493804.928	0.7	308700000
242	2.331	1493804.928	1179790.019	1493804.928	0.7	308700000
243	2.331	1493804.928	1179790.019	1493804.928	0.7	308700000
244	2.331	1493804.928	1179790.019	1493804.928	0.7	308700000
245	2.331	1493804.928	1179790.019	1493804.928	0.7	308700000
246	2.331	1493804.928	1179790.019	1493804.928	0.7	308700000
247	2.331	1493804.928	1179790.019	1493804.928	0.7	308700000
248	2.331	1493804.928	1179790.019	1493804.928	0.7	308700000
249	2.331	1493804.928	1179790.019	1493804.928	0.7	308700000
250	2.331	1493804.928	1179790.019	1493804.928	0.7	308700000
251	2.331	1493804.928	1179790.019	1493804.928	0.7	308700000
252	2.331	1493804.928	1179790.019	1493804.928	0.7	308700000
253	2.331	1493804.928	1179790.019	1493804.928	0.7	308700000
254	2.331	1493804.928	1179790.019	1493804.928	0.7	308700000
255	2.331	1493804.928	1179790.019	1493804.928	0.7	308700000
256	2.331	1493804.928	1179790.019	1493804.928	0.7	308700000
257	2.331	1493804.928	1179790.019	1493804.928	0.7	308700000
258	2.331	1493804.928	1179790.019	1493804.928	0.7	308700000
259	2.331	1493804.928	1179790.019	1493804.928	0.7	308700000
260	2.331	1493804.928	1179790.019	1493804.928	0.7	308700000
261	2.331	1493804.928	1179790.019	1493804.928	0.7	308700000
262	2.331	1493804.928	1179790.019	1493804.928	0.7	308700000
263	2.331	1493804.928	1179790.019	1493804.928	0.7	308700000
264	2.331	1493804.928	1179790.019	1493804.928	0.7	308700000
265	2.331	1493804.928	1179790.019	1493804.928	0.7	308700000
266	2.331	1493804.928	1179790.019	1493804.928	0.7	308700000
267	2.331	1493804.928	1179790.019	1493804.928	0.7	308700000
268	2.331	1493804.928	1179790.019	1493804.928	0.7	308700000
269	2.331	1493804.928	1179790.019	1493804.928	0.7	308700000
270	2.331	1493804.928	1179790.019	1493804.928	0.7	308700000
271	2.331	1493804.928	1179790.019	1493804.928	0.7	308700000
272	2.331	1493804.928	1179790.019	1493804.928	0.7	308700000
273	2.331	1493804.928	1179790.019	1493804.928	0.7	308700000
274	2.331	1493804.928	1179790.019	1493804.928	0.7	308700000
275	2.331	1493804.928	1179790.019	1493804.928	0.7	308700000
276	2.331	1493804.928	1179790.019	1493804.928	0.7	308700000
277	2.331	1493804.928	1179790.019	1493804.928	0.7	308700000
278	2.331	1493804.928	1179790.019	1493804.928	0.7	308700000
279	2.331	1493804.928	1179790.019	1493804.928	0.7	308700000
280	2.331	1493804.928	1179790.019	1493804.928	0.7	308700000
281	2.331	1493804.928	1179790.019	1493804.928	0.7	308700000
282	2.331	1493804.928	1179790.019	1493804.928	0.7	308700000
283	2.331	1493804.928	1179790.019	1493804.928	0.7	308700000
284	2.331	1493804.928	1179790.019	1493804.928	0.7	308700000
285	2.331	1493804.928	1179790.019	1493804.928	0.7	308700000
286	2.331	1493804.928	1179790.019	1493804.928	0.7	308700000
287	2.331	1493804.928	1179790.019	1493804.928	0.7	308700000
288	2.331	1493804.928	1179790.019	1493804.928	0.7	308700000
289	2.331	1493804.928	1179790.019	1493804.928	0.7	308700000
290	2.331	1493804.928	1179790.019	1493804.928	0.7	308700000
291	2.331	1493804.928	1179790.019	1493804.928	0.7	308700000
292	2.331	1493804.928	1179790.019	1493804.928	0.7	308700000
293	2.331	1493804.928	1179790.019	1493804.928	0.7	308700000
294	2.331	1493804.928	1179790.019	1493804.928	0.7	308700000
295	2.331	1493804.928	1179790.019	1493804.928	0.7	308700000
296	2.331	1493804.928	1179790.019	1493804.928	0.7	308700000
297	2.331	1493804.928	1179790.019	1493804.928	0.7	308700000
298	2.331	1493804.928	1179790.019	1493804.928	0.7	308700000
299	2.331	1493804.928	1179790.019	1493804.928	0.7	308700000
300	2.331	1493804.928	1179790.019	1493804.928	0.7	308700000
301	2.331	1393484.928	1107552.223	1393484.928	0.7	308700000
302	2.331	1393484.928	1107552.223	1393484.928	0.7	308700000
303	2.331	1393484.928	1107552.223	1393484.928	0.7	308700000
304	2.331	1393484.928	1107552.223	1393484.928	0.7	308700000
305	2.331	1393484.928	1107552.223	1393484.928	0.7	308700000
306	2.331	1393484.928	1107552.223	1393484.928	0.7	308700000
307	2.331	1393484.928	1107552.223	1393484.928	0.7	308700000
308	2.331	1393484.928	1107552.223	1393484.928	0.7	308700000
309	2.331	1393484.928	1107552.223	1393484.928	0.7	308700000
310	2.331	1393484.928	1107552.223	1393484.928	0.7	308700000
311	2.331	1393484.928	1107552.223	1393484.928	0.7	308700000
312	2.331	1393484.928	1107552.223	1393484.928	0.7	308700000
313	2.331	1393484.928	1107552.223	1393484.928	0.7	308700000
314	2.331	1393484.928	1107552.223	1393484.928	0.7	308700000
315	2.331	1393484.928	1107552.223	1393484.928	0.7	308700000
316	2.331	1393484.928	1107552.223	1393484.928	0.7	308700000
317	2.331	1393484.928	1107552.223	1393484.928	0.7	308700000
318	2.331	1393484.928	1107552.223	1393484.928	0.7	308700000
319	2.331	1393484.928	1107552.223	1393484.928	0.7	308700000
320	2.331	1393484.928	1107552.223	1393484.928	0.7	308700000
321	2.331	1393484.928	1107552.223	1393484.928	0.7	308700000
322	2.331	1393484.928	1107552.223	1393484.928	0.7	308700000
323	2.331	1393484.928	1107552.223	1393484.928	0.7	308700000
324	2.331	1393484.928	1107552.223	1393484.928	0.7	308700000
325	2.331	1393484.928	1107552.223	1393484.928	0.7	308700000
326	2.331	1393484.928	1107552.223	1393484.928	0.7	308700000
327	2.331	1393484.928	1107552.223	1393484.928	0.7	308700000
328	2.331	1393484.928	1107552.223	1393484.928	0.7	308700000
329	2.331	1393484.928	1107552.223	1393484.928	0.7	308700000
330	2.331	1393484.928	1107552.223	1393484.928	0.7	308700000
331	2.331	1393484.928	1107552.223	1393484.928	0.7	308700000
332	2.331	1393484.928	1107552.223	1393484.928	0.7	308700000
333	2.331	1393484.928	1107552.223	1393484.928	0.7	308700000
334	2.331	1393484.928	1107552.223	1393484.928	0.7	308700000
335	2.331	1393484.928	1107552.223	1393484.928	0.7	308700000
336	2.331	1393484.928	1107552.223	1393484.928	0.7	308700000
337	2.331	1393484.928	1107552.223	1393484.928	0.7	308700000
338	2.331	1393484.928	1107552.223	1393484.928	0.7	308700000
339	2.331	1393484.928	1107552.223	1393484.928	0.7	308700000
340	2.331	1393484.928	1107552.223	1393484.928	0.7	308700000
341	2.331	1393484.928	1107552.223	1393484.928	0.7	308700000
342	2.331	1393484.928	1107552.223	1393484.928	0.7	308700000
343	2.331	1393484.928	1107552.223	1393484.928	0.7	308700000
344	2.331	1393484.928	1107552.223	1393484.928	0.7	308700000
345	2.331	1393484.928	1107552.223	1393484.928	0.7	308700000
346	2.331	1393484.928	1107552.223	1393484.928	0.7	308700000
347	2.331	1393484.928	1107552.223	1393484.928	0.7	308700000
348	2.331	1393484.928	1107552.223	1393484.928	0.7	308700000
349	2.331	1393484.928	1107552.223	1393484.928	0.7	308700000
350	2.331	1393484.928	1107552.223	1393484.928	0.7	308700000
351	2.331	1393484.928	1107552.223	1393484.928	0.7	308700000
352	2.331	1393484.928	1107552.223	1393484.928	0.7	308700000
353	2.331	1393484.928	1107552.223	1393484.928	0.7	308700000
354	2.331	1393484.928	1107552.223	1393484.928	0.7	308700000
355	2.331	1393484.928	1107552.223	1393484.928	0.7	308700000
356	2.331	1393484.928	1107552.223	1393484.928	0.7	308700000
357	2.331	1393484.928	1107552.223	1393484.928	0.7	308700000
358	2.331	1393484.928	1107552.223	1393484.928	0.7	308700000
359	2.331	1393484.928	1107552.223	1393484.928	0.7	308700000
360	2.331	1393484.928	1107552.223	1393484.928	0.7	308700000
361	2.331	1393484.928	1107552.223	1393484.928	0.7	308700000
362	2.331	1393484.928	1107552.223	1393484.928	0.7	308700000
363	2.331	1393484.928	1107552.223	1393484.928	0.7	308700000
364	2.331	1393484.928	1107552.223	1393484.928	0.7	308700000
365	2.331	1393484.928	1107552.223	1393484.928	0.7	308700000
366	2.331	1393484.928	1107552.223	1393484.928	0.7	308700000
367	2.331	1393484.928	1107552.223	1393484.928	0.7	308700000
368	2.331	1393484.928	1107552.223	1393484.928	0.7	308700000
369	2.331	1393484.928	1107552.223	1393484.928	0.7	308700000
370	2.331	1393484.928	1107552.223	1393484.928	0.7	308700000
371	2.331	1393484.928	1107552.223	1393484.928	0.7	308700000
372	2.331	1393484.928	1107552.223	1393484.928	0.7	308700000
373	2.331	1393484.928	1107552.223	1393484.928	0.7	308700000
374	2.331	1393484.928	1107552.223	1393484.928	0.7	308700000
375	2.331	1393484.928	1107552.223	1393484.928	0.7	308700000
376	2.331	1393484.928	1107552.223	1393484.928	0.7	308700000
377	2.331	1393484.928	1107552.223	1393484.928	0.7	308700000
378	2.331	1393484.928	1107552.223	1393484.928	0.7	308700000
379	2.331	1393484.928	1107552.223	1393484.928	0.7	308700000
380	2.331	1393484.928	1107552.223	1393484.928	0.7	308700000
381	2.331	1393484.928	1107552.223	1393484.928	0.7	308700000
382	2.331	1393484.928	1107552.223	1393484.928	0.7	308700000
383	2.331	1393484.928	1107552.223	1393484.928	0.7	308700000
384	2.331	1393484.928	1107552.223	1393484.928	0.7	308700000
385	2.331	1393484.928	1107552.223	1393484.928	0.7	308700000
386	2.331	1393484.928	1107552.223	1393484.928	0.7	308700000
387	2.331	1393484.928	1107552.223	1393484.928	0.7	308700000
388	2.331	1393484.928	1107552.223	1393484.928	0.7	308700000
389	2.331	1393484.928	1107552.223	1393484.928	0.7	308700000
390	2.331	1393484.928	1107552.223	1393484.928	0.7	308700000
391	2.331	1393484.928	1107552.223	1393484.928	0.7	308700000
392	2.331	1393484.928	1107552.223	1393484.928	0.7	308700000
393	2.331	1393484.928	1107552.223	1393484.928	0.7	308700000
394	2.331	1393484.928	1107552.223	1393484.928	0.7	308700000
395	2.331	1393484.928	1107552.223	1393484.928	0.7	308700000
396	2.331	1393484.928	1107552.223	1393484.928	0.7	308700000
397	2.331	1393484.928	1107552.223	1393484.928	0.7	308700000
398	2.331	1393484.928	1107552.223	1393484.928	0.7	308700000
399	2.331	1393484.928	1107552.223	1393484.928	0.7	308700000
400	2.331	1393484.928	1107552.223	1393484.928	0.7	308700000
401	2.331	1393484.928	1107552.223	1393484.928	0.7	308700000
402	2.331	1393484.928	1107552.223	1393484.928	0.7	308700000
403	2.331	1393484.928	1107552.223	1393484.928	0.7	308700000
404	2.331	1393484.928	1107552.223	1393484.928	0.7	308700000
405	2.331	1393484.928	1107552.223	1393484.928	0.7	308700000
406	2.331	1393484.928	1107552.223	1393484.928	0.7	308700000
407	2.331	1393484.928	1107552.223	1393484.928	0.7	308700000
408	2.331	1393484.928	1107552.223	1393484.928	0.7	308700000
409	2.331	1393484.928	1107552.223	1393484.928	0.7	308700000
410	2.331	1393484.928	1107552.223	1393484.928	0.7	308700000
411	2.331	1393484.928	1107552.223	1393484.928	0.7	308700000
412	2.331	1393484.928	1107552.223	1393484.928	0.7	308700000
413	2.331	1393484.928	1107552.223	1393484.928	0.7	308700000
414	2.331	1393484.928	1107552.223	1393484.928	0.7	308700000
415	2.331	1393484.928	1107552.223	1393484.928	0.7	308700000
416	2.331	1393484.928	1107552.223	1393484.928	0.7	308700000
417	2.331	1393484.928	1107552.223	1393484.928	0.7	308700000
418	2.331	1393484.928	1107552.223	1393484.928	0.7	308700000
419	2.331	1393484.928	1107552.223	1393484.928	0.7	308700000
420	2.331	1393484.928	1107552.223	1393484.928	0.7	308700000
421	2.331	1393484.928	1107552.223	1393484.928	0.7	308700000
422	2.331	1393484.928	1107552.223	1393484.928	0.7	308700000
423	2.331	1393484.928	1107552.223	1393484.928	0.7	308700000
424	2.331	1393484.928	1107552.223	1393484.928	0.7	308700000
425	2.331	1393484.928	1107552.223	1393484.928	0.7	308700000
426	2.331	1393484.928	1107552.223	1393484.928	0.7	308700000
427	2.331	1393484.928	1107552.223	1393484.928	0.7	308700000
428	2.331	1393484.928	1107552.223	1393484.928	0.7	308700000
429	2.331	1393484.928	1107552.223	1393484.928	0.7	308700000
430	2.331	1393484.928	1107552.223	1393484.928	0.7	308700000
431	2.331	1393484.928	1107552.223	1393484.928	0.7	308700000
432	2.331	1393484.928	1107552.223	1393484.928	0.7	308700000
433	2.331	1393484.928	1107552.223	1393484.928	0.7	308700000
434	2.331	1393484.928	1107552.223	1393484.928	0.7	308700000
435	2.331	1393484.928	1107552.223	1393484.928	0.7	308700000
436	2.331	1393484.928	1107552.223	1393484.928	0.7	308700000
437	2.331	1393484.928	1107552.223	1393484.928	0.7	308700000
438	2.331	1393484.928	1107552.223	1393484.928	0.7	308700000
439	2.331	1393484.928	1107552.223	1393484.928	0.7	308700000
440	2.331	1393484.928	1107552.223	1393484.928	0.7	308700000
441	2.331	1393484.928	1107552.223	1393484.928	0.7	308700000
442	2.331	1393484.928	1107552.223	1393484.928	0.7	308700000
443	2.331	1393484.928	1107552.223	1393484.928	0.7	308700000
444	2.331	1393484.928	1107552.223	1393484.928	0.7	308700000
445	2.331	1393484.928	1107552.223	1393484.928	0.7	308700000
446	2.331	1393484.928	1107552.223	1393484.928	0.7	308700000
447	2.331	1393484.928	1107552.223	1393484.928	0.7	308700000
448	2.331	1393484.928	1107552.223	1393484.928	0.7	308700000
449	2.331	1393484.928	1107552.223	1393484.928	0.7	308700000
450	2.331	1393484.928	1107552.223	1393484.928	0.7	308700000
451	2.331	1393484.928	1107552.223	1393484.928	0.7	308700000
452	2.331	1393484.928	1107552.223	1393484.928	0.7	308700000
453	2.331	1393484.928	1107552.223	1393484.928	0.7	308700000
454	2.331	1393484.928	1107552.223	1393484.928	0.7	308700000
455	2.331	1393484.928	1107552.223	1393484.928	0.7	308700000
456	2.331	1393484.928	1107552.223	1393484.928	0.7	308700000
457	2.331	1393484.928	1107552.223	1393484.928	0.7	308700000
458	2.331	1393484.928	1107552.223	1393484.928	0.7	308700000
459	2.331	1393484.928	1107552.223	1393484.928	0.7	308700000
460	2.331	1393484.928	1107552.223	1393484.928	0.7	308700000
461	2.331	1393484.928	1107552.223	1393484.928	0.7	308700000
462	2.331	1393484.928	1107552.223	1393484.928	0.7	308700000
463	2.331	1393484.928	1107552.223	1393484.928	0.7	308700000
464	2.331	1393484.928	1107552.223	1393484.928	0.7	308700000
465	2.331	1393484.928	1107552.223	1393484.928	0.7	308700000
466	2.331	1393484.928	1107552.223	1393484.928	0.7	308700000
467	2.331	1393484.928	1107552.223	1393484.928	0.7	308700000
468	2.331	1393484.928	1107552.223	1393484.928	0.7	308700000
469	2.331	1393484.928	1107552.223	1393484.928	0.7	308700000
470	2.331	1393484.928	1107552.223	1393484.928	0.7	308700000
471	2.331	1393484.928	1107552.223	1393484.928	0.7	308700000
472	2.331	1393484.928	1107552.223	1393484.928	0.7	308700000
473	2.331	1393484.928	1107552.223	1393484.928	0.7	308700000
474	2.331	1393484.928	1107552.223	1393484.928	0.7	308700000
475	2.331	1393484.928	1107552.223	1393484.928	0.7	308700000
476	2.331	1393484.928	1107552.223	1393484.928	0.7	308700000
477	2.331	1393484.928	1107552.223	1393484.928	0.7	308700000
478	2.331	1393484.928	1107552.223	1393484.928	0.7	308700000
479	2.331	1393484.928	1107552.223	1393484.928	0.7	308700000
480	2.331	1393484.928	1107552.223	1393484.928	0.7	308700000
481	2.331	1393484.928	1107552.223	1393484.928	0.7	308700000
482	2.331	1393484.928	1107552.223	1393484.928	0.7	308700000
483	2.331	1393484.928	1107552.223	1393484.928	0.7	308700000
484	2.331	1393484.928	1107552.223	1393484.928	0.7	308700000
485	2.331	1393484.928	1107552.223	1393484.928	0.7	308700000
486	2.331	1393484.928	1107552.223	1393484.928	0.7	308700000
487	2.331	1393484.928	1107552.223	1393484.928	0.7	308700000
488	2.331	1393484.928	1107552.223	1393484.928	0.7	308700000
489	2.331	1393484.928	1107552.223	1393484.928	0.7	308700000
490	2.331	1393484.928	1107552.223	1393484.928	0.7	308700000
491	2.331	1393484.928	1107552.223	1393484.928	0.7	308700000
492	2.331	1393484.928	1107552.223	1393484.928	0.7	308700000
493	2.331	1393484.928	1107552.223	1393484.928	0.7	308700000
494	2.331	1393484.928	1107552.223	1393484.928	0.7	308700000
495	2.331	1393484.928	1107552.223	1393484.928	0.7	308700000
496	2.331	1393484.928	1107552.223	1393484.928	0.7	308700000
497	2.331	1393484.928	1107552.223	1393484.928	0.7	308700000
498	2.331	1393484.928	1107552.223	1393484.928	0.7	308700000
499	2.331	1393484.928	1107552.223	1393484.928	0.7	308700000
500	2.331	1393484.928	1107552.223	1393484.928	0.7	308700000
501	2.331	1393484.928	1107552.223	1393484.928	0.7	308700000
502	2.331	1393484.928	1107552.223	1393484.928	0.7	308700000
503	2.331	1393484.928	1107552.223	1393484.928	0.7	308700000
504	2.331	1393484.928	1107552.223	1393484.928	0.7	308700000
505	2.331	1493804.928	1179790.019	1493804.928	0.7	308700000
506	2.331	1493804.928	1179790.019	1493804.928	0.7	308700000
507	2.331	1493804.928	1179790.019	1493804.928	0.7	308700000
508	2.331	1493804.928	1179790.019	1493804.928	0.7	308700000
509	2.331	1493804.928	1179790.019	1493804.928	0.7	308700000
510	2.331	1493804.928	1179790.019	1493804.928	0.7	308700000
511	2.331	1493804.928	1179790.019	1493804.928	0.7	308700000
512	2.331	1493804.928	1179790.019	1493804.928	0.7	308700000
513	2.331	1493804.928	1179790.019	1493804.928	0.7	308700000
514	2.331	1493804.928	1179790.019	1493804.928	0.7	308700000
515	2.331	1493804.928	1179790.019	1493804.928	0.7	308700000
516	2.331	1493804.928	1179790.019	1493804.928	0.7	308700000
517	2.331	1493804.928	1179790.019	1493804.928	0.7	308700000
518	2.331	1493804.928	1179790.019	1493804.928	0.7	308700000
519	2.331	1493804.928	1179790.019	1493804.928	0.7	308700000
520	2.331	1493804.928	1179790.019	1493804.928	0.7	308700000
521	2.331	1493804.928	1179790.019	1493804.928	0.7	308700000
522	2.331	1493804.928	1179790.019	1493804.928	0.7	308700000
523	2.331	1493804.928	1179790.019	1493804.928	0.7	308700000
524	2.331	1493804.928	1179790.019	1493804.928	0.7	308700000
525	2.331	1493804.928	1179790.019	1493804.928	0.7	308700000
526	2.331	1493804.928	1179790.019	1493804.928	0.7	308700000
527	2.331	1493804.928	1179790.019	1493804.928	0.7	308700000
528	2.331	1493804.928	1179790.019	1493804.928	0.7	308700000
529	2.331	1493804.928	1179790.019	1493804.928	0.7	308700000
530	2.331	1493804.928	1179790.019	1493804.928	0.7	308700000
531	2.331	1493804.928	1179790.019	1493804.928	0.7	308700000
532	2.331	1493804.928	1179790.019	1493804.928	0.7	308700000
533	2.331	1493804.928	1179790.019	1493804.928	0.7	308700000
534	2.331	1493804.928	1179790.019	1493804.928	0.7	308700000
535	2.331	1493804.928	1179790.019	1493804.928	0.7	308700000
536	2.331	1493804.928	1179790.019	1493804.928	0.7	308700000
537	2.331	1493804.928	1179790.019	1493804.928	0.7	308700000
538	2.331	1493804.928	1179790.019	1493804.928	0.7	308700000
539	2.331	1493804.928	1179790.019	1493804.928	0.7	308700000
540	2.331	1493804.928	1179790.019	1493804.928	0.7	308700000
541	2.331	1493804.928	1179790.019	1493804.928	0.7	308700000
542	2.331	1493804.928	1179790.019	1493804.928	0.7	308700000
543	2.331	1493804.928	1179790.019	1493804.928	0.7	308700000
544	2.331	1493804.928	1179790.019	1493804.928	0.7	308700000
545	2.331	1493804.928	1179790.019	1493804.928	0.7	308700000
546	2.331	1493804.928	1179790.019	1493804.928	0.7	308700000
547	2.331	1493804.928	1179790.019	1493804.928	0.7	308700000
548	2.331	1493804.928	1179790.019	1493804.928	0.7	308700000
549	2.331	1493804.928	1179790.019	1493804.928	0.7	308700000
550	2.331	1493804.928	1179790.019	1493804.928	0.7	308700000
551	2.331	1493804.928	1179790.019	1493804.928	0.7	308700000
552	2.331	1493804.928	1179790.019	1493804.928	0.7	308700000
553	2.331	1493804.928	1179790.019	1493804.928	0.7	308700000
554	2.331	1493804.928	1179790.019	1493804.928	0.7	308700000
555	2.331	1493804.928	1179790.019	1493804.928	0.7	308700000
556	2.331	1493804.928	1179790.019	1493804.928	0.7	308700000
557	2.331	1493804.928	1179790.019	1493804.928	0.7	308700000
558	2.331	1493804.928	1179790.019	1493804.928	0.7	308700000
559	2.331	1493804.928	1179790.019	1493804.928	0.7	308700000
560	2.331	1493804.928	1179790.019	1493804.928	0.7	308700000
561	2.331	1493804.928	1179790.019	1493804.928	0.7	308700000
562	2.331	1493804.928	1179790.019	1493804.928	0.7	308700000
563	2.331	1493804.928	1179790.019	1493804.928	0.7	308700000
564	2.331	1493804.928	1179790.019	1493804.928	0.7	308700000
565	2.331	1493804.928	1179790.019	1493804.928	0.7	308700000
566	2.331	1493804.928	1179790.019	1493804.928	0.7	308700000
567	2.331	1493804.928	1179790.019	1493804.928	0.7	308700000
568	2.331	1493804.928	1179790.019	1493804.928	0.7	308700000
569	2.331	1493804.928	1179790.019	1493804.928	0.7	308700000
570	2.331	1493804.928	1179790.019	1493804.928	0.7	308700000
571	2.331	1493804.928	1179790.019	1493804.928	0.7	308700000
572	2.331	1493804.928	1179790.019	1493804.928	0.7	308700000
573	2.331	1493804.928	1179790.019	1493804.928	0.7	308700000
574	2.331	1493804.928	1179790.019	1493804.928	0.7	308700000
575	2.331	1493804.928	1179790.019	1493804.928	0.7	308700000
576	2.331	1493804.928	1179790.019	1493804.928	0.7	308700000
577	2.331	1493804.928	1179790.019	1493804.928	0.7	308700000
578	2.331	1493804.928	1179790.019	1493804.928	0.7	308700000
579	2.331	1493804.928	1179790.019	1493804.928	0.7	308700000
580	2.331	1493804.928	1179790.019	1493804.928	0.7	308700000
581	2.331	1493804.928	1179790.019	1493804.928	0.7	308700000
582	2.331	1493804.928	1179790.019	1493804.928	0.7	308700000
583	2.331	1493804.928	1179790.019	1493804.928	0.7	308700000
584	2.331	1493804.928	1179790.019	1493804.928	0.7	308700000
585	2.331	1493804.928	1179790.019	1493804.928	0.7	308700000
586	2.331	1493804.928	1179790.019	1493804.928	0.7	308700000
587	2.331	1493804.928	1179790.019	1493804.928	0.7	308700000
588	2.331	1493804.928	1179790.019	1493804.928	0.7	308700000
589	2.331	1493804.928	1179790.019	1493804.928	0.7	308700000
590	2.331	1493804.928	1179790.019	1493804.928	0.7	308700000
591	2.331	1493804.928	1179790.019	1493804.928	0.7	308700000
592	2.331	1493804.928	1179790.019	1493804.928	0.7	308700000
593	2.331	1493804.928	1179790.019	1493804.928	0.7	308700000
594	2.331	1493804.928	1179790.019	1493804.928	0.7	308700000
595	2.331	1493804.928	1179790.019	1493804.928	0.7	308700000
596	2.331	1493804.928	1179790.019	1493804.928	0.7	308700000
597	2.331	1493804.928	1179790.019	1493804.928	0.7	308700000
598	2.331	1493804.928	1179790.019	1493804.928	0.7	308700000
599	2.331	1493804.928	1179790.019	1493804.928	0.7	308700000
600	2.331	1493804.928	1179790.019	1493804.928	0.7	308700000
