ID	volume	h	mp	axial ratio	EI
1	4	1	2912716.8	0.64	3000000000
2	4	1	2912716.8	0.64	3000000000
3	4	1	2912716.8	0.64	3000000000
4	4	1	2912716.8	0.64	3000000000
5	4	1	2912716.8	0.64	3000000000
6	4	1	2912716.8	0.64	3000000000
7	4	1	2912716.8	0.64	3000000000
8	4	1	2912716.8	0.64	3000000000
9	4	1	2912716.8	0.64	3000000000
10	4	1	2912716.8	0.64	3000000000
11	4	1	2912716.8	0.64	3000000000
12	4	1	2912716.8	0.64	3000000000
13	4	1	2912716.8	0.64	3000000000
14	4	1	2912716.8	0.64	3000000000
15	4	1	2912716.8	0.64	3000000000
16	4	1	2912716.8	0.64	3000000000
17	4	1	2912716.8	0.64	3000000000
18	4	1	2912716.8	0.64	3000000000
19	4	1	2912716.8	0.64	3000000000
20	4	1	2912716.8	0.64	3000000000
21	4	1	2912716.8	0.61	3000000000
22	4	1	2912716.8	0.61	3000000000
23	4	1	2912716.8	0.61	3000000000
24	4	1	2912716.8	0.61	3000000000
25	4	1	2912716.8	0.61	3000000000
26	4	1	2912716.8	0.61	3000000000
27	4	1	2912716.8	0.61	3000000000
28	4	1	2912716.8	0.61	3000000000
29	4	1	2912716.8	0.61	3000000000
30	4	1	2912716.8	0.61	3000000000
31	4	1	2912716.8	0.61	3000000000
32	4	1	2912716.8	0.61	3000000000
33	4	1	2912716.8	0.61	3000000000
34	4	1	2912716.8	0.61	3000000000
35	4	1	2912716.8	0.61	3000000000
36	4	1	2912716.8	0.61	3000000000
37	4	1	2912716.8	0.61	3000000000
38	4	1	2912716.8	0.61	3000000000
39	4	1	2912716.8	0.61	3000000000
40	4	1	2912716.8	0.61	3000000000
41	3.24	0.9	2317555.52	0.72	1968300000
42	3.24	0.9	2317555.52	0.72	1968300000
43	3.24	0.9	2317555.52	0.72	1968300000
44	3.24	0.9	2317555.52	0.72	1968300000
45	3.24	0.9	2317555.52	0.72	1968300000
46	3.24	0.9	2317555.52	0.72	1968300000
47	3.24	0.9	2317555.52	0.72	1968300000
48	3.24	0.9	2317555.52	0.72	1968300000
49	3.24	0.9	2317555.52	0.72	1968300000
50	3.24	0.9	2317555.52	0.72	1968300000
51	3.24	0.9	2317555.52	0.72	1968300000
52	3.24	0.9	2317555.52	0.72	1968300000
53	3.24	0.9	2317555.52	0.72	1968300000
54	3.24	0.9	2317555.52	0.72	1968300000
55	3.24	0.9	2317555.52	0.72	1968300000
56	3.24	0.9	2317555.52	0.72	1968300000
57	3.24	0.9	2317555.52	0.72	1968300000
58	3.24	0.9	2317555.52	0.72	1968300000
59	3.24	0.9	2317555.52	0.72	1968300000
60	3.24	0.9	2317555.52	0.72	1968300000
61	3.24	0.9	2317555.52	0.69	1968300000
62	3.24	0.9	2317555.52	0.69	1968300000
63	3.24	0.9	2317555.52	0.69	1968300000
64	3.24	0.9	2317555.52	0.69	1968300000
65	3.24	0.9	2317555.52	0.69	1968300000
66	3.24	0.9	2317555.52	0.69	1968300000
67	3.24	0.9	2317555.52	0.69	1968300000
68	3.24	0.9	2317555.52	0.69	1968300000
69	3.24	0.9	2317555.52	0.69	1968300000
70	3.24	0.9	2317555.52	0.69	1968300000
71	3.24	0.9	2317555.52	0.69	1968300000
72	3.24	0.9	2317555.52	0.69	1968300000
73	3.24	0.9	2317555.52	0.69	1968300000
74	3.24	0.9	2317555.52	0.69	1968300000
75	3.24	0.9	2317555.52	0.69	1968300000
76	3.24	0.9	2317555.52	0.69	1968300000
77	3.24	0.9	2317555.52	0.69	1968300000
78	3.24	0.9	2317555.52	0.69	1968300000
79	3.24	0.9	2317555.52	0.69	1968300000
80	3.24	0.9	2317555.52	0.69	1968300000
81	3.24	0.9	2317555.52	0.66	1968300000
82	3.24	0.9	2317555.52	0.66	1968300000
83	3.24	0.9	2317555.52	0.66	1968300000
84	3.24	0.9	2317555.52	0.66	1968300000
85	3.24	0.9	2317555.52	0.66	1968300000
86	3.24	0.9	2317555.52	0.66	1968300000
87	3.24	0.9	2317555.52	0.66	1968300000
88	3.24	0.9	2317555.52	0.66	1968300000
89	3.24	0.9	2317555.52	0.66	1968300000
90	3.24	0.9	2317555.52	0.66	1968300000
91	3.24	0.9	2317555.52	0.66	1968300000
92	3.24	0.9	2317555.52	0.66	1968300000
93	3.24	0.9	2317555.52	0.66	1968300000
94	3.24	0.9	2317555.52	0.66	1968300000
95	3.24	0.9	2317555.52	0.66	1968300000
96	3.24	0.9	2317555.52	0.66	1968300000
97	3.24	0.9	2317555.52	0.66	1968300000
98	3.24	0.9	2317555.52	0.66	1968300000
99	3.24	0.9	2317555.52	0.66	1968300000
100	3.24	0.9	2317555.52	0.66	1968300000
101	3.24	0.9	2317555.52	0.63	1968300000
102	3.24	0.9	2317555.52	0.63	1968300000
103	3.24	0.9	2317555.52	0.63	1968300000
104	3.24	0.9	2317555.52	0.63	1968300000
105	3.24	0.9	2317555.52	0.63	1968300000
106	3.24	0.9	2317555.52	0.63	1968300000
107	3.24	0.9	2317555.52	0.63	1968300000
108	3.24	0.9	2317555.52	0.63	1968300000
109	3.24	0.9	2317555.52	0.63	1968300000
110	3.24	0.9	2317555.52	0.63	1968300000
111	3.24	0.9	2317555.52	0.63	1968300000
112	3.24	0.9	2317555.52	0.63	1968300000
113	3.24	0.9	2317555.52	0.63	1968300000
114	3.24	0.9	2317555.52	0.63	1968300000
115	3.24	0.9	2317555.52	0.63	1968300000
116	3.24	0.9	2317555.52	0.63	1968300000
117	3.24	0.9	2317555.52	0.63	1968300000
118	3.24	0.9	2317555.52	0.63	1968300000
119	3.24	0.9	2317555.52	0.63	1968300000
120	3.24	0.9	2317555.52	0.63	1968300000
121	3.24	0.9	2317555.52	0.6	1968300000
122	3.24	0.9	2317555.52	0.6	1968300000
123	3.24	0.9	2317555.52	0.6	1968300000
124	3.24	0.9	2317555.52	0.6	1968300000
125	3.24	0.9	2317555.52	0.6	1968300000
126	3.24	0.9	2317555.52	0.6	1968300000
127	3.24	0.9	2317555.52	0.6	1968300000
128	3.24	0.9	2317555.52	0.6	1968300000
129	3.24	0.9	2317555.52	0.6	1968300000
130	3.24	0.9	2317555.52	0.6	1968300000
131	3.24	0.9	2317555.52	0.6	1968300000
132	3.24	0.9	2317555.52	0.6	1968300000
133	3.24	0.9	2317555.52	0.6	1968300000
134	3.24	0.9	2317555.52	0.6	1968300000
135	3.24	0.9	2317555.52	0.6	1968300000
136	3.24	0.9	2317555.52	0.6	1968300000
137	3.24	0.9	2317555.52	0.6	1968300000
138	3.24	0.9	2317555.52	0.6	1968300000
139	3.24	0.9	2317555.52	0.6	1968300000
140	3.24	0.9	2317555.52	0.6	1968300000
141	2.56	0.8	1749355.84	0.71	1228800000
142	2.56	0.8	1749355.84	0.71	1228800000
143	2.56	0.8	1749355.84	0.71	1228800000
144	2.56	0.8	1749355.84	0.71	1228800000
145	2.56	0.8	1749355.84	0.71	1228800000
146	2.56	0.8	1749355.84	0.71	1228800000
147	2.56	0.8	1749355.84	0.71	1228800000
148	2.56	0.8	1749355.84	0.71	1228800000
149	2.56	0.8	1749355.84	0.71	1228800000
150	2.56	0.8	1749355.84	0.71	1228800000
151	2.56	0.8	1749355.84	0.71	1228800000
152	2.56	0.8	1749355.84	0.71	1228800000
153	2.56	0.8	1749355.84	0.71	1228800000
154	2.56	0.8	1749355.84	0.71	1228800000
155	2.56	0.8	1749355.84	0.71	1228800000
156	2.56	0.8	1749355.84	0.71	1228800000
157	2.56	0.8	1749355.84	0.71	1228800000
158	2.56	0.8	1749355.84	0.71	1228800000
159	2.56	0.8	1749355.84	0.71	1228800000
160	2.56	0.8	1749355.84	0.71	1228800000
161	2.56	0.8	1749355.84	0.67	1228800000
162	2.56	0.8	1749355.84	0.67	1228800000
163	2.56	0.8	1749355.84	0.67	1228800000
164	2.56	0.8	1749355.84	0.67	1228800000
165	2.56	0.8	1749355.84	0.67	1228800000
166	2.56	0.8	1749355.84	0.67	1228800000
167	2.56	0.8	1749355.84	0.67	1228800000
168	2.56	0.8	1749355.84	0.67	1228800000
169	2.56	0.8	1749355.84	0.67	1228800000
170	2.56	0.8	1749355.84	0.67	1228800000
171	2.56	0.8	1749355.84	0.67	1228800000
172	2.56	0.8	1749355.84	0.67	1228800000
173	2.56	0.8	1749355.84	0.67	1228800000
174	2.56	0.8	1749355.84	0.67	1228800000
175	2.56	0.8	1749355.84	0.67	1228800000
176	2.56	0.8	1749355.84	0.67	1228800000
177	2.56	0.8	1749355.84	0.67	1228800000
178	2.56	0.8	1749355.84	0.67	1228800000
179	2.56	0.8	1749355.84	0.63	1228800000
180	2.56	0.8	1749355.84	0.63	1228800000
181	2.56	0.8	1749355.84	0.63	1228800000
182	2.56	0.8	1749355.84	0.63	1228800000
183	2.56	0.8	1749355.84	0.63	1228800000
184	2.56	0.8	1749355.84	0.63	1228800000
185	2.56	0.8	1749355.84	0.63	1228800000
186	2.56	0.8	1749355.84	0.63	1228800000
187	2.56	0.8	1749355.84	0.63	1228800000
188	2.56	0.8	1749355.84	0.63	1228800000
189	2.56	0.8	1749355.84	0.63	1228800000
190	2.56	0.8	1749355.84	0.63	1228800000
191	2.56	0.8	1749355.84	0.63	1228800000
192	2.56	0.8	1749355.84	0.63	1228800000
193	2.56	0.8	1749355.84	0.63	1228800000
194	2.56	0.8	1749355.84	0.63	1228800000
195	2.56	0.8	1749355.84	0.63	1228800000
196	2.56	0.8	1749355.84	0.63	1228800000
197	2.56	0.8	1749355.84	0.63	1228800000
198	2.56	0.8	1749355.84	0.63	1228800000
199	2.56	0.8	1749355.84	0.63	1228800000
200	2.56	0.8	1749355.84	0.63	1228800000
201	2.56	0.8	1749355.84	0.59	1228800000
202	2.56	0.8	1749355.84	0.59	1228800000
203	2.56	0.8	1749355.84	0.59	1228800000
204	2.56	0.8	1749355.84	0.59	1228800000
205	2.56	0.8	1749355.84	0.59	1228800000
206	2.56	0.8	1749355.84	0.59	1228800000
207	2.56	0.8	1749355.84	0.59	1228800000
208	2.56	0.8	1749355.84	0.59	1228800000
209	2.56	0.8	1749355.84	0.59	1228800000
210	2.56	0.8	1749355.84	0.59	1228800000
211	2.56	0.8	1749355.84	0.59	1228800000
212	2.56	0.8	1749355.84	0.59	1228800000
213	2.56	0.8	1749355.84	0.59	1228800000
214	2.56	0.8	1749355.84	0.59	1228800000
215	2.56	0.8	1749355.84	0.59	1228800000
216	2.56	0.8	1749355.84	0.59	1228800000
217	2.56	0.8	1749355.84	0.59	1228800000
218	2.56	0.8	1749355.84	0.59	1228800000
219	2.56	0.8	1749355.84	0.59	1228800000
220	2.56	0.8	1749355.84	0.59	1228800000
221	2.56	0.8	1749355.84	0.55	1228800000
222	2.56	0.8	1749355.84	0.55	1228800000
223	2.56	0.8	1749355.84	0.55	1228800000
224	2.56	0.8	1749355.84	0.55	1228800000
225	2.56	0.8	1749355.84	0.55	1228800000
226	2.56	0.8	1749355.84	0.55	1228800000
227	2.56	0.8	1749355.84	0.55	1228800000
228	2.56	0.8	1749355.84	0.55	1228800000
229	2.56	0.8	1749355.84	0.55	1228800000
230	2.56	0.8	1749355.84	0.55	1228800000
231	2.56	0.8	1749355.84	0.55	1228800000
232	2.56	0.8	1749355.84	0.55	1228800000
233	2.56	0.8	1749355.84	0.55	1228800000
234	2.56	0.8	1749355.84	0.55	1228800000
235	2.56	0.8	1749355.84	0.55	1228800000
236	2.56	0.8	1749355.84	0.55	1228800000
237	2.56	0.8	1749355.84	0.55	1228800000
238	2.56	0.8	1749355.84	0.55	1228800000
239	2.56	0.8	1749355.84	0.55	1228800000
240	2.56	0.8	1749355.84	0.55	1228800000
241	2.56	0.8	1749355.84	0.51	1228800000
242	2.56	0.8	1749355.84	0.51	1228800000
243	2.56	0.8	1749355.84	0.51	1228800000
244	2.56	0.8	1749355.84	0.51	1228800000
245	2.56	0.8	1749355.84	0.51	1228800000
246	2.56	0.8	1749355.84	0.51	1228800000
247	2.56	0.8	1749355.84	0.51	1228800000
248	2.56	0.8	1749355.84	0.51	1228800000
249	2.56	0.8	1749355.84	0.51	1228800000
250	2.56	0.8	1749355.84	0.51	1228800000
251	2.56	0.8	1749355.84	0.51	1228800000
252	2.56	0.8	1749355.84	0.51	1228800000
253	2.56	0.8	1749355.84	0.51	1228800000
254	2.56	0.8	1749355.84	0.51	1228800000
255	2.56	0.8	1749355.84	0.51	1228800000
256	2.56	0.8	1749355.84	0.51	1228800000
257	2.56	0.8	1749355.84	0.51	1228800000
258	2.56	0.8	1749355.84	0.51	1228800000
259	2.56	0.8	1749355.84	0.51	1228800000
260	2.56	0.8	1749355.84	0.51	1228800000
261	1.96	0.7	1349129.76	0.61	720300000
262	1.96	0.7	1349129.76	0.61	720300000
263	1.96	0.7	1349129.76	0.61	720300000
264	1.96	0.7	1349129.76	0.61	720300000
265	1.96	0.7	1349129.76	0.61	720300000
266	1.96	0.7	1349129.76	0.61	720300000
267	1.96	0.7	1349129.76	0.61	720300000
268	1.96	0.7	1349129.76	0.61	720300000
269	1.96	0.7	1349129.76	0.61	720300000
270	1.96	0.7	1349129.76	0.61	720300000
271	1.96	0.7	1349129.76	0.61	720300000
272	1.96	0.7	1349129.76	0.61	720300000
273	1.96	0.7	1349129.76	0.61	720300000
274	1.96	0.7	1349129.76	0.61	720300000
275	1.96	0.7	1349129.76	0.61	720300000
276	1.96	0.7	1349129.76	0.61	720300000
277	1.96	0.7	1349129.76	0.61	720300000
278	1.96	0.7	1349129.76	0.61	720300000
279	1.96	0.7	1349129.76	0.61	720300000
280	1.96	0.7	1349129.76	0.61	720300000
281	1.96	0.7	1349129.76	0.56	720300000
282	1.96	0.7	1349129.76	0.56	720300000
283	1.96	0.7	1349129.76	0.56	720300000
284	1.96	0.7	1349129.76	0.56	720300000
285	1.96	0.7	1349129.76	0.56	720300000
286	1.96	0.7	1349129.76	0.56	720300000
287	1.96	0.7	1349129.76	0.56	720300000
288	1.96	0.7	1349129.76	0.56	720300000
289	1.96	0.7	1349129.76	0.56	720300000
290	1.96	0.7	1349129.76	0.56	720300000
291	1.96	0.7	1349129.76	0.56	720300000
292	1.96	0.7	1349129.76	0.56	720300000
293	1.96	0.7	1349129.76	0.56	720300000
294	1.96	0.7	1349129.76	0.56	720300000
295	1.96	0.7	1349129.76	0.56	720300000
296	1.96	0.7	1349129.76	0.56	720300000
297	1.96	0.7	1349129.76	0.56	720300000
298	1.96	0.7	1349129.76	0.56	720300000
299	1.96	0.7	1349129.76	0.56	720300000
300	1.96	0.7	1349129.76	0.56	720300000
301	1.96	0.7	1349129.76	0.5	720300000
302	1.96	0.7	1349129.76	0.5	720300000
303	1.96	0.7	1349129.76	0.5	720300000
304	1.96	0.7	1349129.76	0.5	720300000
305	1.96	0.7	1349129.76	0.5	720300000
306	1.96	0.7	1349129.76	0.5	720300000
307	1.96	0.7	1349129.76	0.5	720300000
308	1.96	0.7	1349129.76	0.5	720300000
309	1.96	0.7	1349129.76	0.5	720300000
310	1.96	0.7	1349129.76	0.5	720300000
311	1.96	0.7	1349129.76	0.5	720300000
312	1.96	0.7	1349129.76	0.5	720300000
313	1.96	0.7	1349129.76	0.5	720300000
314	1.96	0.7	1349129.76	0.5	720300000
315	1.96	0.7	1349129.76	0.5	720300000
316	1.96	0.7	1349129.76	0.5	720300000
317	1.96	0.7	1349129.76	0.5	720300000
318	1.96	0.7	1349129.76	0.5	720300000
319	1.96	0.7	1349129.76	0.5	720300000
320	1.96	0.7	1349129.76	0.5	720300000
321	1.96	0.7	1349129.76	0.62	720300000
322	1.96	0.7	1349129.76	0.62	720300000
323	1.96	0.7	1349129.76	0.62	720300000
324	1.96	0.7	1349129.76	0.62	720300000
325	1.96	0.7	1349129.76	0.62	720300000
326	1.96	0.7	1349129.76	0.62	720300000
327	1.96	0.7	1349129.76	0.62	720300000
328	1.96	0.7	1349129.76	0.62	720300000
329	1.96	0.7	1349129.76	0.62	720300000
330	1.96	0.7	1349129.76	0.62	720300000
331	1.96	0.7	1349129.76	0.62	720300000
332	1.96	0.7	1349129.76	0.62	720300000
333	1.96	0.7	1349129.76	0.62	720300000
334	1.96	0.7	1349129.76	0.62	720300000
335	1.96	0.7	1349129.76	0.62	720300000
336	1.96	0.7	1349129.76	0.62	720300000
337	1.96	0.7	1349129.76	0.62	720300000
338	1.96	0.7	1349129.76	0.62	720300000
339	1.96	0.7	1349129.76	0.62	720300000
340	1.96	0.7	1349129.76	0.62	720300000
341	1.44	0.6	1410017.28	0.55	388800000
342	1.44	0.6	1410017.28	0.55	388800000
343	1.44	0.6	1410017.28	0.55	388800000
344	1.44	0.6	1410017.28	0.55	388800000
345	1.44	0.6	1410017.28	0.55	388800000
346	1.44	0.6	1410017.28	0.55	388800000
347	1.44	0.6	1410017.28	0.55	388800000
348	1.44	0.6	1410017.28	0.55	388800000
349	1.44	0.6	1410017.28	0.55	388800000
350	1.44	0.6	1410017.28	0.55	388800000
351	1.44	0.6	1410017.28	0.55	388800000
352	1.44	0.6	1410017.28	0.55	388800000
353	1.44	0.6	1410017.28	0.55	388800000
354	1.44	0.6	1410017.28	0.55	388800000
355	1.44	0.6	1410017.28	0.55	388800000
356	1.44	0.6	1410017.28	0.55	388800000
357	1.44	0.6	1410017.28	0.55	388800000
358	1.44	0.6	1410017.28	0.55	388800000
359	1.44	0.6	1410017.28	0.55	388800000
360	1.44	0.6	1410017.28	0.55	388800000
361	1.44	0.6	1410017.28	0.48	388800000
362	1.44	0.6	1410017.28	0.48	388800000
363	1.44	0.6	1410017.28	0.48	388800000
364	1.44	0.6	1410017.28	0.48	388800000
365	1.44	0.6	1410017.28	0.48	388800000
366	1.44	0.6	1410017.28	0.48	388800000
367	1.44	0.6	1410017.28	0.48	388800000
368	1.44	0.6	1410017.28	0.48	388800000
369	1.44	0.6	1410017.28	0.48	388800000
370	1.44	0.6	1410017.28	0.48	388800000
371	1.44	0.6	1410017.28	0.48	388800000
372	1.44	0.6	1410017.28	0.48	388800000
373	1.44	0.6	1410017.28	0.48	388800000
374	1.44	0.6	1410017.28	0.48	388800000
375	1.44	0.6	1410017.28	0.48	388800000
376	1.44	0.6	1410017.28	0.48	388800000
377	1.44	0.6	1410017.28	0.48	388800000
378	1.44	0.6	1410017.28	0.48	388800000
379	1.44	0.6	1410017.28	0.48	388800000
380	1.44	0.6	1410017.28	0.48	388800000
381	1.44	0.6	1410017.28	0.42	388800000
382	1.44	0.6	1410017.28	0.42	388800000
383	1.44	0.6	1410017.28	0.42	388800000
384	1.44	0.6	1410017.28	0.42	388800000
385	1.44	0.6	1410017.28	0.42	388800000
386	1.44	0.6	1410017.28	0.42	388800000
387	1.44	0.6	1410017.28	0.42	388800000
388	1.44	0.6	1410017.28	0.42	388800000
389	1.44	0.6	1410017.28	0.42	388800000
390	1.44	0.6	1410017.28	0.42	388800000
391	1.44	0.6	1410017.28	0.42	388800000
392	1.44	0.6	1410017.28	0.42	388800000
393	1.44	0.6	1410017.28	0.42	388800000
394	1.44	0.6	1410017.28	0.42	388800000
395	1.44	0.6	1410017.28	0.42	388800000
396	1.44	0.6	1410017.28	0.42	388800000
397	1.44	0.6	1410017.28	0.42	388800000
398	1.44	0.6	1410017.28	0.42	388800000
399	1.44	0.6	1410017.28	0.42	388800000
400	1.44	0.6	1410017.28	0.42	388800000
401	1.44	0.6	1410017.28	0.35	388800000
402	1.44	0.6	1410017.28	0.35	388800000
403	1.44	0.6	1410017.28	0.35	388800000
404	1.44	0.6	1410017.28	0.35	388800000
405	1.44	0.6	1410017.28	0.35	388800000
406	1.44	0.6	1410017.28	0.35	388800000
407	1.44	0.6	1410017.28	0.35	388800000
408	1.44	0.6	1410017.28	0.35	388800000
409	1.44	0.6	1410017.28	0.35	388800000
410	1.44	0.6	1410017.28	0.35	388800000
411	1.44	0.6	1410017.28	0.35	388800000
412	1.44	0.6	1410017.28	0.35	388800000
413	1.44	0.6	1410017.28	0.35	388800000
414	1.44	0.6	1410017.28	0.35	388800000
415	1.44	0.6	1410017.28	0.35	388800000
416	1.44	0.6	1410017.28	0.35	388800000
417	1.44	0.6	1410017.28	0.35	388800000
418	1.44	0.6	1410017.28	0.35	388800000
419	1.44	0.6	1410017.28	0.35	388800000
420	1.44	0.6	1410017.28	0.35	388800000
421	1.44	0.6	1643985.28	0.28	388800000
422	1.44	0.6	1643985.28	0.28	388800000
423	1.44	0.6	1643985.28	0.28	388800000
424	1.44	0.6	1643985.28	0.28	388800000
425	1.44	0.6	1643985.28	0.28	388800000
426	1.44	0.6	1643985.28	0.28	388800000
427	1.44	0.6	1643985.28	0.28	388800000
428	1.44	0.6	1643985.28	0.28	388800000
429	1.44	0.6	1643985.28	0.28	388800000
430	1.44	0.6	1643985.28	0.28	388800000
431	1.44	0.6	1643985.28	0.28	388800000
432	1.44	0.6	1643985.28	0.28	388800000
433	1.44	0.6	1643985.28	0.28	388800000
434	1.44	0.6	1643985.28	0.28	388800000
435	1.44	0.6	1643985.28	0.28	388800000
436	1.44	0.6	1643985.28	0.28	388800000
437	1.44	0.6	1643985.28	0.28	388800000
438	1.44	0.6	1643985.28	0.28	388800000
439	1.44	0.6	1643985.28	0.28	388800000
440	1.44	0.6	1643985.28	0.28	388800000
441	1.44	0.6	1643985.28	0.21	388800000
442	1.44	0.6	1643985.28	0.21	388800000
443	1.44	0.6	1643985.28	0.21	388800000
444	1.44	0.6	1643985.28	0.21	388800000
445	1.44	0.6	1643985.28	0.21	388800000
446	1.44	0.6	1643985.28	0.21	388800000
447	1.44	0.6	1643985.28	0.21	388800000
448	1.44	0.6	1643985.28	0.21	388800000
449	1.44	0.6	1643985.28	0.21	388800000
450	1.44	0.6	1643985.28	0.21	388800000
451	1.44	0.6	1643985.28	0.21	388800000
452	1.44	0.6	1643985.28	0.21	388800000
453	1.44	0.6	1643985.28	0.21	388800000
454	1.44	0.6	1643985.28	0.21	388800000
455	1.44	0.6	1643985.28	0.21	388800000
456	1.44	0.6	1643985.28	0.21	388800000
457	1.44	0.6	1643985.28	0.21	388800000
458	1.44	0.6	1643985.28	0.21	388800000
459	1.44	0.6	1643985.28	0.21	388800000
460	1.44	0.6	1643985.28	0.21	388800000
461	1.44	0.6	1643985.28	0.14	388800000
462	1.44	0.6	1643985.28	0.14	388800000
463	1.44	0.6	1643985.28	0.14	388800000
464	1.44	0.6	1643985.28	0.14	388800000
465	1.44	0.6	1643985.28	0.14	388800000
466	1.44	0.6	1643985.28	0.14	388800000
467	1.44	0.6	1643985.28	0.14	388800000
468	1.44	0.6	1643985.28	0.14	388800000
469	1.44	0.6	1643985.28	0.14	388800000
470	1.44	0.6	1643985.28	0.14	388800000
471	1.44	0.6	1643985.28	0.14	388800000
472	1.44	0.6	1643985.28	0.14	388800000
473	1.44	0.6	1643985.28	0.14	388800000
474	1.44	0.6	1643985.28	0.14	388800000
475	1.44	0.6	1643985.28	0.14	388800000
476	1.44	0.6	1643985.28	0.14	388800000
477	1.44	0.6	1643985.28	0.14	388800000
478	1.44	0.6	1643985.28	0.14	388800000
479	1.44	0.6	1643985.28	0.14	388800000
480	1.44	0.6	1643985.28	0.14	388800000
481	1.44	0.6	1643985.28	0.07	388800000
482	1.44	0.6	1643985.28	0.07	388800000
483	1.44	0.6	1643985.28	0.07	388800000
484	1.44	0.6	1643985.28	0.07	388800000
485	1.44	0.6	1643985.28	0.07	388800000
486	1.44	0.6	1643985.28	0.07	388800000
487	1.44	0.6	1643985.28	0.07	388800000
488	1.44	0.6	1643985.28	0.07	388800000
489	1.44	0.6	1643985.28	0.07	388800000
490	1.44	0.6	1643985.28	0.07	388800000
491	1.44	0.6	1643985.28	0.07	388800000
492	1.44	0.6	1643985.28	0.07	388800000
493	1.44	0.6	1643985.28	0.07	388800000
494	1.44	0.6	1643985.28	0.07	388800000
495	1.44	0.6	1643985.28	0.07	388800000
496	1.44	0.6	1643985.28	0.07	388800000
497	1.44	0.6	1643985.28	0.07	388800000
498	1.44	0.6	1643985.28	0.07	388800000
499	1.44	0.6	1643985.28	0.07	388800000
500	1.44	0.6	1643985.28	0.07	388800000
