ID	DS1	DS2	DS3	DS4	DS5	DS6
1	0.642	0.254	0	0.061	0.041	0.002	
2	0.798	0.167	0	0.026	0.009	0	
3	0.524	0.274	0	0.109	0.062	0.031	
4	0.711	0.179	0	0.07	0.035	0.005	
5	0.502	0.317	0	0.111	0.062	0.008	
6	0.548	0.316	0	0.085	0.049	0.002	
7	0.609	0.257	0	0.089	0.041	0.004	
8	0.678	0.234	0	0.059	0.026	0.003	
9	0.581	0.287	0	0.081	0.044	0.007	
10	0.538	0.308	0	0.097	0.048	0.009	
11	0.751	0.193	0	0.038	0.018	0	
12	0.776	0.122	0	0.06	0.026	0.016	
13	0.323	0.316	0	0.189	0.139	0.033	
14	0.483	0.281	0	0.115	0.076	0.045	
15	0.401	0.311	0	0.174	0.095	0.019	
16	0.395	0.347	0	0.165	0.081	0.012	
17	0.485	0.269	0	0.129	0.078	0.039	
18	0.312	0.315	0	0.216	0.127	0.03	
19	0.789	0.173	0	0.026	0.012	0	
20	0.471	0.326	0	0.119	0.07	0.014	
21	0.319	0.32	0	0.202	0.127	0.032	
22	0.323	0.293	0	0.201	0.128	0.055	
23	0.478	0.326	0	0.121	0.064	0.011	
24	0.698	0.175	0	0.076	0.035	0.016	
25	0.264	0.313	0	0.226	0.16	0.037	
26	0.387	0.29	0	0.17	0.113	0.04	
27	0.354	0.311	0	0.201	0.111	0.023	
28	0.362	0.354	0	0.185	0.09	0.009	
29	0.367	0.268	0	0.19	0.125	0.05	
30	0.268	0.299	0	0.232	0.164	0.037	
31	0.77	0.184	0	0.031	0.015	0	
32	0.41	0.329	0	0.146	0.098	0.017	
33	0.267	0.3	0	0.238	0.149	0.046	
34	0.256	0.277	0	0.224	0.173	0.07	
35	0.415	0.326	0	0.153	0.09	0.016	
36	0.718	0.186	0	0.062	0.028	0.006	
37	0.238	0.3	0	0.265	0.162	0.035	
38	0.322	0.282	0	0.204	0.142	0.05	
39	0.366	0.321	0	0.193	0.098	0.022	
40	0.352	0.351	0	0.19	0.091	0.016	
41	0.332	0.275	0	0.19	0.151	0.052	
42	0.243	0.291	0	0.244	0.176	0.046	
43	0.753	0.194	0	0.038	0.015	0	
44	0.369	0.323	0	0.177	0.11	0.021	
45	0.232	0.288	0	0.25	0.175	0.055	
46	0.232	0.279	0	0.24	0.186	0.063	
47	0.379	0.325	0	0.162	0.115	0.019	
48	0.69	0.188	0	0.076	0.037	0.009	
49	0.214	0.313	0	0.269	0.169	0.035	
50	0.308	0.272	0	0.21	0.15	0.06	
51	0.374	0.335	0	0.183	0.091	0.017	
52	0.358	0.353	0	0.182	0.092	0.015	
53	0.297	0.267	0	0.212	0.159	0.065	
54	0.229	0.301	0	0.253	0.172	0.045	
55	0.758	0.191	0	0.036	0.014	0.001	
56	0.345	0.324	0	0.188	0.118	0.025	
57	0.225	0.293	0	0.247	0.179	0.056	
58	0.217	0.274	0	0.246	0.195	0.068	
59	0.354	0.328	0	0.178	0.118	0.022	
60	0.692	0.212	0	0.059	0.031	0.006	
61	0.229	0.316	0	0.265	0.159	0.031	
62	0.282	0.26	0	0.219	0.157	0.082	
63	0.399	0.329	0	0.175	0.081	0.016	
64	0.37	0.353	0	0.179	0.087	0.011	
65	0.284	0.264	0	0.216	0.167	0.069	
66	0.242	0.305	0	0.249	0.166	0.038	
67	0.727	0.195	0	0.05	0.022	0.006	
68	0.321	0.317	0	0.203	0.127	0.032	
69	0.219	0.299	0	0.244	0.18	0.058	
70	0.206	0.282	0	0.25	0.188	0.074	
71	0.342	0.331	0	0.185	0.12	0.022	
72	0.698	0.205	0	0.059	0.032	0.006	
73	0.233	0.323	0	0.263	0.152	0.029	
74	0.252	0.292	0	0.207	0.172	0.077	
75	0.447	0.334	0	0.148	0.063	0.008	
76	0.397	0.356	0	0.161	0.076	0.01	
77	0.253	0.273	0	0.213	0.188	0.073	
78	0.249	0.312	0	0.255	0.147	0.037	
79	0.736	0.174	0	0.056	0.025	0.009	
80	0.304	0.308	0	0.214	0.137	0.037	
81	0.218	0.305	0	0.24	0.18	0.057	
82	0.197	0.298	0	0.246	0.185	0.074	
83	0.329	0.334	0	0.193	0.119	0.025	
84	0.679	0.222	0	0.057	0.036	0.006	
85	0.219	0.333	0	0.269	0.15	0.029	
86	0.264	0.276	0	0.197	0.181	0.082	
87	0.488	0.338	0	0.118	0.052	0.004	
88	0.428	0.361	0	0.135	0.07	0.006	
89	0.257	0.279	0	0.21	0.187	0.067	
90	0.258	0.323	0	0.244	0.144	0.031	
91	0.718	0.173	0	0.062	0.034	0.013	
92	0.298	0.315	0	0.22	0.133	0.034	
93	0.223	0.314	0	0.237	0.172	0.054	
94	0.206	0.303	0	0.251	0.18	0.06	
95	0.313	0.333	0	0.206	0.123	0.025	
96	0.739	0.184	0	0.048	0.028	0.001	
97	0.223	0.333	0	0.266	0.158	0.02	
98	0.251	0.249	0	0.19	0.182	0.128	
99	0.56	0.338	0	0.073	0.028	0.001	
100	0.472	0.371	0	0.105	0.049	0.003	
101	0.252	0.294	0	0.198	0.183	0.073	
102	0.261	0.364	0	0.218	0.142	0.015	
103	0.733	0.163	0	0.05	0.038	0.016	
104	0.287	0.323	0	0.218	0.138	0.034	
105	0.229	0.322	0	0.241	0.153	0.055	
106	0.195	0.309	0	0.253	0.178	0.065	
107	0.291	0.358	0	0.204	0.124	0.023	
108	0.746	0.177	0	0.047	0.026	0.004	
109	0.221	0.371	0	0.247	0.148	0.013	
110	0.304	0.258	0	0.175	0.149	0.114	
111	0.636	0.293	0	0.05	0.021	0	
112	0.541	0.341	0	0.085	0.033	0	
113	0.277	0.277	0	0.217	0.15	0.079	
114	0.266	0.392	0	0.207	0.127	0.008	
115	0.708	0.17	0	0.055	0.049	0.018	
116	0.282	0.321	0	0.217	0.148	0.032	
117	0.227	0.326	0	0.242	0.156	0.049	
118	0.204	0.314	0	0.241	0.18	0.061	
119	0.286	0.369	0	0.205	0.122	0.018	
120	0.766	0.164	0	0.04	0.027	0.003	
121	0.241	0.388	0	0.228	0.132	0.011	
122	0.317	0.264	0	0.159	0.135	0.125	
123	0.696	0.262	0	0.033	0.009	0	
124	0.648	0.278	0	0.055	0.019	0	
125	0.278	0.292	0	0.208	0.145	0.077	
126	0.299	0.391	0	0.193	0.11	0.007	
127	0.695	0.161	0	0.071	0.047	0.026	
128	0.272	0.329	0	0.221	0.146	0.032	
129	0.189	0.329	0	0.255	0.182	0.045	
130	0.194	0.317	0	0.252	0.186	0.051	
131	0.279	0.378	0	0.206	0.12	0.017	
132	0.746	0.181	0	0.04	0.029	0.004	
133	0.25	0.405	0	0.224	0.112	0.009	
134	0.298	0.283	0	0.183	0.162	0.074	
135	0.724	0.241	0	0.027	0.008	0	
136	0.689	0.263	0	0.034	0.014	0	
137	0.288	0.276	0	0.208	0.145	0.083	
138	0.289	0.4	0	0.208	0.098	0.005	
139	0.645	0.179	0	0.082	0.06	0.034	
140	0.257	0.328	0	0.23	0.153	0.032	
141	0.188	0.315	0	0.247	0.195	0.055	
142	0.179	0.288	0	0.271	0.199	0.063	
143	0.27	0.389	0	0.205	0.12	0.016	
144	0.711	0.182	0	0.062	0.039	0.006	
145	0.232	0.403	0	0.232	0.121	0.012	
146	0.257	0.31	0	0.184	0.163	0.086	
147	0.742	0.212	0	0.034	0.012	0	
148	0.69	0.246	0	0.051	0.013	0	
149	0.296	0.28	0	0.202	0.144	0.078	
150	0.269	0.384	0	0.217	0.119	0.011	
151	0.576	0.203	0	0.102	0.064	0.055	
152	0.245	0.335	0	0.231	0.155	0.034	
153	0.195	0.301	0	0.248	0.191	0.065	
154	0.18	0.287	0	0.266	0.199	0.068	
155	0.268	0.379	0	0.209	0.129	0.015	
156	0.707	0.173	0	0.067	0.039	0.014	
157	0.229	0.334	0	0.251	0.156	0.03	
158	0.225	0.283	0	0.204	0.188	0.1	
159	0.686	0.234	0	0.053	0.027	0	
160	0.627	0.28	0	0.061	0.032	0	
161	0.267	0.279	0	0.205	0.169	0.08	
162	0.241	0.349	0	0.237	0.147	0.026	
163	0.533	0.217	0	0.096	0.087	0.067	
164	0.245	0.312	0	0.245	0.164	0.034	
165	0.198	0.307	0	0.244	0.182	0.069	
166	0.188	0.308	0	0.249	0.198	0.057	
167	0.261	0.381	0	0.209	0.135	0.014	
168	0.614	0.187	0	0.093	0.071	0.035	
169	0.23	0.325	0	0.232	0.167	0.046	
170	0.232	0.27	0	0.197	0.191	0.11	
171	0.629	0.257	0	0.066	0.043	0.005	
172	0.562	0.265	0	0.111	0.054	0.008	
173	0.251	0.258	0	0.197	0.197	0.097	
174	0.233	0.333	0	0.23	0.162	0.042	
175	0.483	0.194	0	0.117	0.101	0.105	
176	0.235	0.311	0	0.253	0.166	0.035	
177	0.199	0.313	0	0.245	0.186	0.057	
178	0.186	0.297	0	0.239	0.201	0.077	
179	0.26	0.371	0	0.222	0.131	0.016	
180	0.541	0.202	0	0.125	0.075	0.057	
181	0.172	0.296	0	0.261	0.203	0.068	
182	0.203	0.228	0	0.187	0.191	0.191	
183	0.529	0.29	0	0.106	0.063	0.012	
184	0.479	0.261	0	0.141	0.09	0.029	
185	0.212	0.252	0	0.201	0.18	0.155	
186	0.18	0.312	0	0.264	0.187	0.057	
187	0.527	0.185	0	0.112	0.095	0.081	
188	0.208	0.305	0	0.257	0.187	0.043	
189	0.162	0.287	0	0.255	0.218	0.078	
190	0.137	0.229	0	0.212	0.212	0.21	
191	0.212	0.345	0	0.251	0.159	0.033	
192	0.611	0.185	0	0.088	0.082	0.034	
193	0.17	0.286	0	0.281	0.198	0.065	
194	0.221	0.189	0	0.141	0.152	0.297	
195	0.5	0.283	0	0.121	0.08	0.016	
196	0.467	0.276	0	0.15	0.085	0.022	
197	0.214	0.197	0	0.159	0.169	0.261	
198	0.157	0.306	0	0.28	0.196	0.061	
199	0.479	0.19	0	0.119	0.099	0.113	
200	0.176	0.287	0	0.273	0.204	0.06	
201	0.148	0.292	0	0.271	0.22	0.069	
202	0.15	0.267	0	0.256	0.21	0.117	
203	0.193	0.333	0	0.258	0.178	0.038	
204	0.572	0.205	0	0.109	0.076	0.038	
205	0.165	0.317	0	0.268	0.193	0.057	
206	0.206	0.236	0	0.212	0.207	0.139	
207	0.511	0.268	0	0.115	0.085	0.021	
208	0.471	0.278	0	0.143	0.088	0.02	
209	0.219	0.173	0	0.157	0.14	0.311	
210	0.156	0.321	0	0.269	0.191	0.063	
211	0.49	0.174	0	0.116	0.106	0.114	
212	0.172	0.309	0	0.261	0.198	0.06	
213	0.155	0.301	0	0.267	0.213	0.064	
214	0.146	0.312	0	0.279	0.213	0.05	
215	0.196	0.35	0	0.251	0.168	0.035	
216	0.53	0.207	0	0.128	0.085	0.05	
217	0.193	0.341	0	0.252	0.17	0.044	
218	0.226	0.253	0	0.182	0.182	0.157	
219	0.522	0.263	0	0.115	0.075	0.025	
220	0.493	0.279	0	0.129	0.084	0.015	
221	0.21	0.2	0	0.171	0.165	0.254	
222	0.185	0.34	0	0.253	0.182	0.04	
223	0.505	0.179	0	0.111	0.109	0.096	
224	0.183	0.313	0	0.262	0.186	0.056	
225	0.174	0.318	0	0.244	0.211	0.053	
226	0.149	0.317	0	0.283	0.206	0.045	
227	0.214	0.349	0	0.251	0.156	0.03	
228	0.527	0.213	0	0.12	0.085	0.055	
229	0.221	0.328	0	0.24	0.161	0.05	
230	0.255	0.206	0	0.161	0.17	0.208	
231	0.569	0.251	0	0.095	0.07	0.015	
232	0.538	0.269	0	0.103	0.072	0.018	
233	0.214	0.194	0	0.178	0.173	0.241	
234	0.215	0.328	0	0.251	0.154	0.052	
235	0.534	0.18	0	0.11	0.103	0.073	
236	0.202	0.322	0	0.259	0.171	0.046	
237	0.198	0.33	0	0.232	0.192	0.048	
238	0.169	0.308	0	0.268	0.207	0.048	
239	0.239	0.369	0	0.233	0.138	0.021	
240	0.559	0.202	0	0.104	0.087	0.048	
241	0.276	0.316	0	0.222	0.141	0.045	
242	0.264	0.192	0	0.157	0.152	0.235	
243	0.617	0.242	0	0.072	0.06	0.009	
244	0.608	0.232	0	0.08	0.066	0.014	
245	0.224	0.25	0	0.192	0.2	0.134	
246	0.266	0.346	0	0.208	0.137	0.043	
247	0.595	0.177	0	0.091	0.085	0.052	
248	0.226	0.358	0	0.23	0.158	0.028	
249	0.23	0.342	0	0.218	0.165	0.045	
250	0.209	0.321	0	0.248	0.182	0.04	
251	0.283	0.392	0	0.207	0.108	0.01	
252	0.622	0.188	0	0.089	0.069	0.032	
253	0.319	0.317	0	0.187	0.135	0.042	
254	0.286	0.175	0	0.163	0.152	0.224	
255	0.649	0.221	0	0.07	0.053	0.007	
256	0.652	0.209	0	0.069	0.057	0.013	
257	0.234	0.248	0	0.168	0.179	0.171	
258	0.321	0.319	0	0.196	0.121	0.043	
259	0.674	0.157	0	0.075	0.067	0.027	
260	0.275	0.374	0	0.202	0.133	0.016	
261	0.26	0.339	0	0.197	0.156	0.048	
262	0.248	0.316	0	0.215	0.166	0.055	
263	0.33	0.416	0	0.164	0.089	0.001	
264	0.725	0.162	0	0.061	0.04	0.012	
265	0.365	0.287	0	0.179	0.121	0.048	
266	0.278	0.156	0	0.158	0.165	0.243	
267	0.663	0.208	0	0.071	0.048	0.01	
268	0.681	0.187	0	0.073	0.049	0.01	
269	0.249	0.194	0	0.151	0.145	0.261	
270	0.385	0.303	0	0.161	0.113	0.038	
271	0.714	0.159	0	0.071	0.04	0.016	
272	0.332	0.383	0	0.178	0.102	0.005	
273	0.327	0.321	0	0.181	0.129	0.042	
274	0.295	0.297	0	0.183	0.155	0.07	
275	0.382	0.411	0	0.143	0.064	0	
276	0.752	0.159	0	0.049	0.033	0.007	
277	0.481	0.253	0	0.135	0.088	0.043	
278	0.311	0.178	0	0.162	0.129	0.22	
279	0.735	0.156	0	0.052	0.043	0.014	
280	0.743	0.155	0	0.058	0.037	0.007	
281	0.28	0.161	0	0.128	0.129	0.302	
282	0.505	0.245	0	0.143	0.081	0.026	
283	0.752	0.152	0	0.052	0.034	0.01	
284	0.388	0.384	0	0.148	0.078	0.002	
285	0.431	0.293	0	0.139	0.087	0.05	
286	0.371	0.282	0	0.163	0.138	0.046	
287	0.472	0.376	0	0.105	0.047	0	
288	0.787	0.141	0	0.046	0.021	0.005	
289	0.565	0.206	0	0.112	0.083	0.034	
290	0.322	0.236	0	0.186	0.157	0.099	
291	0.378	0.278	0	0.183	0.126	0.035	
292	0.386	0.284	0	0.174	0.116	0.04	
293	0.238	0.25	0	0.207	0.175	0.13	
294	0.53	0.245	0	0.123	0.078	0.024	
295	0.696	0.219	0	0.055	0.027	0.003	
296	0.451	0.325	0	0.125	0.082	0.017	
297	0.488	0.21	0	0.13	0.102	0.07	
298	0.435	0.241	0	0.158	0.109	0.057	
299	0.617	0.291	0	0.067	0.025	0	
300	0.673	0.207	0	0.07	0.042	0.008	
