¹¹¼þ±àºÅ	volume
1	0.637
2	0.637
3	0.64925
4	0.64925
5	0.6615
6	0.6615
7	0.637
8	0.637
9	0.637
10	0.637
11	0.64925
12	0.64925
13	0.6615
14	0.6615
15	0.637
16	0.637
17	0.098
18	0.098
19	0.098
20	0.098
21	0.098
22	0.098
23	0.098
24	0.098
25	0.74725
26	0.74725
27	0.508375
28	0.508375
29	0.508375
30	0.508375
31	0.74725
32	0.74725
33	0.74725
34	0.74725
35	0.508375
36	0.508375
37	0.508375
38	0.508375
39	0.74725
40	0.74725
41	0.098
42	0.098
43	0.098
44	0.098
45	0.098
46	0.098
47	0.098
48	0.098
49	0.637
50	0.637
51	0.64925
52	0.64925
53	0.6615
54	0.6615
55	0.637
56	0.637
57	0.637
58	0.637
59	0.64925
60	0.64925
61	0.6615
62	0.6615
63	0.637
64	0.637
65	0.098
66	0.098
67	0.098
68	0.098
69	0.098
70	0.098
71	0.098
72	0.098
73	0.74725
74	0.74725
75	0.508375
76	0.508375
77	0.508375
78	0.508375
79	0.74725
80	0.74725
81	0.74725
82	0.74725
83	0.508375
84	0.508375
85	0.508375
86	0.508375
87	0.74725
88	0.74725
89	0.098
90	0.098
91	0.098
92	0.098
93	0.098
94	0.098
95	0.098
96	0.098
97	0.637
98	0.637
99	0.64925
100	0.64925
101	0.6615
102	0.6615
103	0.637
104	0.637
105	0.637
106	0.637
107	0.64925
108	0.64925
109	0.6615
110	0.6615
111	0.637
112	0.637
113	0.098
114	0.098
115	0.098
116	0.098
117	0.098
118	0.098
119	0.098
120	0.098
121	0.74725
122	0.74725
123	0.508375
124	0.508375
125	0.508375
126	0.508375
127	0.74725
128	0.74725
129	0.74725
130	0.74725
131	0.508375
132	0.508375
133	0.508375
134	0.508375
135	0.74725
136	0.74725
137	0.098
138	0.098
139	0.098
140	0.098
141	0.098
142	0.098
143	0.098
144	0.098
145	0.637
146	0.637
147	0.64925
148	0.64925
149	0.6615
150	0.6615
151	0.637
152	0.637
153	0.637
154	0.637
155	0.64925
156	0.64925
157	0.6615
158	0.6615
159	0.637
160	0.637
161	0.098
162	0.098
163	0.098
164	0.098
165	0.098
166	0.098
167	0.098
168	0.098
169	0.74725
170	0.74725
171	0.508375
172	0.508375
173	0.508375
174	0.508375
175	0.74725
176	0.74725
177	0.74725
178	0.74725
179	0.508375
180	0.508375
181	0.508375
182	0.508375
183	0.74725
184	0.74725
185	0.098
186	0.098
187	0.098
188	0.098
189	0.098
190	0.098
191	0.098
192	0.098
193	0.637
194	0.637
195	0.64925
196	0.64925
197	0.6615
198	0.6615
199	0.637
200	0.637
201	0.637
202	0.637
203	0.64925
204	0.64925
205	0.6615
206	0.6615
207	0.637
208	0.637
209	0.098
210	0.098
211	0.098
212	0.098
213	0.098
214	0.098
215	0.098
216	0.098
217	0.74725
218	0.74725
219	0.508375
220	0.508375
221	0.508375
222	0.508375
223	0.74725
224	0.74725
225	0.74725
226	0.74725
227	0.508375
228	0.508375
229	0.508375
230	0.508375
231	0.74725
232	0.74725
233	0.098
234	0.098
235	0.098
236	0.098
237	0.098
238	0.098
239	0.098
240	0.098
241	0.637
242	0.637
243	0.64925
244	0.64925
245	0.6615
246	0.6615
247	0.637
248	0.637
249	0.637
250	0.637
251	0.64925
252	0.64925
253	0.6615
254	0.6615
255	0.637
256	0.637
257	0.098
258	0.098
259	0.098
260	0.098
261	0.098
262	0.098
263	0.098
264	0.098
265	0.74725
266	0.74725
267	0.508375
268	0.508375
269	0.508375
270	0.508375
271	0.74725
272	0.74725
273	0.74725
274	0.74725
275	0.508375
276	0.508375
277	0.508375
278	0.508375
279	0.74725
280	0.74725
281	0.098
282	0.098
283	0.098
284	0.098
285	0.098
286	0.098
287	0.098
288	0.098
289	0.637
290	0.637
291	0.64925
292	0.64925
293	0.6615
294	0.6615
295	0.637
296	0.637
297	0.637
298	0.637
299	0.64925
300	0.64925
301	0.6615
302	0.6615
303	0.637
304	0.637
305	0.098
306	0.098
307	0.098
308	0.098
309	0.098
310	0.098
311	0.098
312	0.098
313	0.74725
314	0.74725
315	0.508375
316	0.508375
317	0.508375
318	0.508375
319	0.74725
320	0.74725
321	0.74725
322	0.74725
323	0.508375
324	0.508375
325	0.508375
326	0.508375
327	0.74725
328	0.74725
329	0.098
330	0.098
331	0.098
332	0.098
333	0.098
334	0.098
335	0.098
336	0.098
337	0.546
338	0.546
339	0.5565
340	0.5565
341	0.567
342	0.567
343	0.546
344	0.546
345	0.546
346	0.546
347	0.5565
348	0.5565
349	0.567
350	0.567
351	0.546
352	0.546
353	0.084
354	0.084
355	0.084
356	0.084
357	0.084
358	0.084
359	0.084
360	0.084
361	0.6405
362	0.6405
363	0.43575
364	0.43575
365	0.43575
366	0.43575
367	0.6405
368	0.6405
369	0.6405
370	0.6405
371	0.43575
372	0.43575
373	0.43575
374	0.43575
375	0.6405
376	0.6405
377	0.084
378	0.084
379	0.084
380	0.084
381	0.084
382	0.084
383	0.084
384	0.084
385	0.546
386	0.546
387	0.5565
388	0.5565
389	0.567
390	0.567
391	0.546
392	0.546
393	0.546
394	0.546
395	0.5565
396	0.5565
397	0.567
398	0.567
399	0.546
400	0.546
401	0.084
402	0.084
403	0.084
404	0.084
405	0.084
406	0.084
407	0.084
408	0.084
409	0.6405
410	0.6405
411	0.43575
412	0.43575
413	0.43575
414	0.43575
415	0.6405
416	0.6405
417	0.6405
418	0.6405
419	0.43575
420	0.43575
421	0.43575
422	0.43575
423	0.6405
424	0.6405
425	0.084
426	0.084
427	0.084
428	0.084
429	0.084
430	0.084
431	0.084
432	0.084
433	0.546
434	0.546
435	0.5565
436	0.5565
437	0.567
438	0.567
439	0.546
440	0.546
441	0.546
442	0.546
443	0.5565
444	0.5565
445	0.567
446	0.567
447	0.546
448	0.546
449	0.084
450	0.084
451	0.084
452	0.084
453	0.084
454	0.084
455	0.084
456	0.084
457	0.6405
458	0.6405
459	0.43575
460	0.43575
461	0.43575
462	0.43575
463	0.6405
464	0.6405
465	0.6405
466	0.6405
467	0.43575
468	0.43575
469	0.43575
470	0.43575
471	0.6405
472	0.6405
473	0.084
474	0.084
475	0.084
476	0.084
477	0.084
478	0.084
479	0.084
480	0.084
481	0.546
482	0.546
483	0.5565
484	0.5565
485	0.567
486	0.567
487	0.546
488	0.546
489	0.546
490	0.546
491	0.5565
492	0.5565
493	0.567
494	0.567
495	0.546
496	0.546
497	0.084
498	0.084
499	0.084
500	0.084
501	0.084
502	0.084
503	0.084
504	0.084
505	0.6405
506	0.6405
507	0.43575
508	0.43575
509	0.43575
510	0.43575
511	0.6405
512	0.6405
513	0.6405
514	0.6405
515	0.43575
516	0.43575
517	0.43575
518	0.43575
519	0.6405
520	0.6405
521	0.084
522	0.084
523	0.084
524	0.084
525	0.084
526	0.084
527	0.084
528	0.084
529	0.546
530	0.546
531	0.5565
532	0.5565
533	0.567
534	0.567
535	0.546
536	0.546
537	0.546
538	0.546
539	0.5565
540	0.5565
541	0.567
542	0.567
543	0.546
544	0.546
545	0.084
546	0.084
547	0.084
548	0.084
549	0.084
550	0.084
551	0.084
552	0.084
553	0.6405
554	0.6405
555	0.43575
556	0.43575
557	0.43575
558	0.43575
559	0.6405
560	0.6405
561	0.6405
562	0.6405
563	0.43575
564	0.43575
565	0.43575
566	0.43575
567	0.6405
568	0.6405
569	0.084
570	0.084
571	0.084
572	0.084
573	0.084
574	0.084
575	0.084
576	0.084
577	0.546
578	0.546
579	0.5565
580	0.5565
581	0.567
582	0.567
583	0.546
584	0.546
585	0.546
586	0.546
587	0.5565
588	0.5565
589	0.567
590	0.567
591	0.546
592	0.546
593	0.084
594	0.084
595	0.084
596	0.084
597	0.084
598	0.084
599	0.084
600	0.084
601	0.6405
602	0.6405
603	0.43575
604	0.43575
605	0.43575
606	0.43575
607	0.6405
608	0.6405
609	0.6405
610	0.6405
611	0.43575
612	0.43575
613	0.43575
614	0.43575
615	0.6405
616	0.6405
617	0.084
618	0.084
619	0.084
620	0.084
621	0.084
622	0.084
623	0.084
624	0.084
625	0.546
626	0.546
627	0.5565
628	0.5565
629	0.567
630	0.567
631	0.546
632	0.546
633	0.546
634	0.546
635	0.5565
636	0.5565
637	0.567
638	0.567
639	0.546
640	0.546
641	0.084
642	0.084
643	0.084
644	0.084
645	0.084
646	0.084
647	0.084
648	0.084
649	0.6405
650	0.6405
651	0.43575
652	0.43575
653	0.43575
654	0.43575
655	0.6405
656	0.6405
657	0.6405
658	0.6405
659	0.43575
660	0.43575
661	0.43575
662	0.43575
663	0.6405
664	0.6405
665	0.084
666	0.084
667	0.084
668	0.084
669	0.084
670	0.084
671	0.084
672	0.084
673	0.546
674	0.546
675	0.5565
676	0.5565
677	0.567
678	0.567
679	0.546
680	0.546
681	0.546
682	0.546
683	0.5565
684	0.5565
685	0.567
686	0.567
687	0.546
688	0.546
689	0.084
690	0.084
691	0.084
692	0.084
693	0.084
694	0.084
695	0.084
696	0.084
697	0.6405
698	0.6405
699	0.43575
700	0.43575
701	0.43575
702	0.43575
703	0.6405
704	0.6405
705	0.6405
706	0.6405
707	0.43575
708	0.43575
709	0.43575
710	0.43575
711	0.6405
712	0.6405
713	0.084
714	0.084
715	0.084
716	0.084
717	0.084
718	0.084
719	0.084
720	0.084
721	0.546
722	0.546
723	0.5565
724	0.5565
725	0.567
726	0.567
727	0.546
728	0.546
729	0.546
730	0.546
731	0.5565
732	0.5565
733	0.567
734	0.567
735	0.546
736	0.546
737	0.084
738	0.084
739	0.084
740	0.084
741	0.084
742	0.084
743	0.084
744	0.084
745	0.6405
746	0.6405
747	0.43575
748	0.43575
749	0.43575
750	0.43575
751	0.6405
752	0.6405
753	0.6405
754	0.6405
755	0.43575
756	0.43575
757	0.43575
758	0.43575
759	0.6405
760	0.6405
761	0.084
762	0.084
763	0.084
764	0.084
765	0.084
766	0.084
767	0.084
768	0.084
769	0.455
770	0.455
771	0.46375
772	0.46375
773	0.4725
774	0.4725
775	0.455
776	0.455
777	0.455
778	0.455
779	0.46375
780	0.46375
781	0.4725
782	0.4725
783	0.455
784	0.455
785	0.07
786	0.07
787	0.07
788	0.07
789	0.07
790	0.07
791	0.07
792	0.07
793	0.53375
794	0.53375
795	0.363125
796	0.363125
797	0.363125
798	0.363125
799	0.53375
800	0.53375
801	0.53375
802	0.53375
803	0.363125
804	0.363125
805	0.363125
806	0.363125
807	0.53375
808	0.53375
809	0.07
810	0.07
811	0.07
812	0.07
813	0.07
814	0.07
815	0.07
816	0.07
817	0.455
818	0.455
819	0.46375
820	0.46375
821	0.4725
822	0.4725
823	0.455
824	0.455
825	0.455
826	0.455
827	0.46375
828	0.46375
829	0.4725
830	0.4725
831	0.455
832	0.455
833	0.07
834	0.07
835	0.07
836	0.07
837	0.07
838	0.07
839	0.07
840	0.07
841	0.53375
842	0.53375
843	0.363125
844	0.363125
845	0.363125
846	0.363125
847	0.53375
848	0.53375
849	0.53375
850	0.53375
851	0.363125
852	0.363125
853	0.363125
854	0.363125
855	0.53375
856	0.53375
857	0.07
858	0.07
859	0.07
860	0.07
861	0.07
862	0.07
863	0.07
864	0.07
865	0.455
866	0.455
867	0.46375
868	0.46375
869	0.4725
870	0.4725
871	0.455
872	0.455
873	0.455
874	0.455
875	0.46375
876	0.46375
877	0.4725
878	0.4725
879	0.455
880	0.455
881	0.07
882	0.07
883	0.07
884	0.07
885	0.07
886	0.07
887	0.07
888	0.07
889	0.53375
890	0.53375
891	0.363125
892	0.363125
893	0.363125
894	0.363125
895	0.53375
896	0.53375
897	0.53375
898	0.53375
899	0.363125
900	0.363125
901	0.363125
902	0.363125
903	0.53375
904	0.53375
905	0.07
906	0.07
907	0.07
908	0.07
909	0.07
910	0.07
911	0.07
912	0.07
913	0.455
914	0.455
915	0.46375
916	0.46375
917	0.4725
918	0.4725
919	0.455
920	0.455
921	0.455
922	0.455
923	0.46375
924	0.46375
925	0.4725
926	0.4725
927	0.455
928	0.455
929	0.07
930	0.07
931	0.07
932	0.07
933	0.07
934	0.07
935	0.07
936	0.07
937	0.53375
938	0.53375
939	0.363125
940	0.363125
941	0.363125
942	0.363125
943	0.53375
944	0.53375
945	0.53375
946	0.53375
947	0.363125
948	0.363125
949	0.363125
950	0.363125
951	0.53375
952	0.53375
953	0.07
954	0.07
955	0.07
956	0.07
957	0.07
958	0.07
959	0.07
960	0.07
961	0.455
962	0.455
963	0.46375
964	0.46375
965	0.4725
966	0.4725
967	0.455
968	0.455
969	0.455
970	0.455
971	0.46375
972	0.46375
973	0.4725
974	0.4725
975	0.455
976	0.455
977	0.07
978	0.07
979	0.07
980	0.07
981	0.07
982	0.07
983	0.07
984	0.07
985	0.53375
986	0.53375
987	0.363125
988	0.363125
989	0.363125
990	0.363125
991	0.53375
992	0.53375
993	0.53375
994	0.53375
995	0.363125
996	0.363125
997	0.363125
998	0.363125
999	0.53375
1000	0.53375
1001	0.07
1002	0.07
1003	0.07
1004	0.07
1005	0.07
1006	0.07
1007	0.07
1008	0.07
1009	0.455
1010	0.455
1011	0.46375
1012	0.46375
1013	0.4725
1014	0.4725
1015	0.455
1016	0.455
1017	0.455
1018	0.455
1019	0.46375
1020	0.46375
1021	0.4725
1022	0.4725
1023	0.455
1024	0.455
1025	0.07
1026	0.07
1027	0.07
1028	0.07
1029	0.07
1030	0.07
1031	0.07
1032	0.07
1033	0.53375
1034	0.53375
1035	0.363125
1036	0.363125
1037	0.363125
1038	0.363125
1039	0.53375
1040	0.53375
1041	0.53375
1042	0.53375
1043	0.363125
1044	0.363125
1045	0.363125
1046	0.363125
1047	0.53375
1048	0.53375
1049	0.07
1050	0.07
1051	0.07
1052	0.07
1053	0.07
1054	0.07
1055	0.07
1056	0.07
1057	0.455
1058	0.455
1059	0.46375
1060	0.46375
1061	0.4725
1062	0.4725
1063	0.455
1064	0.455
1065	0.455
1066	0.455
1067	0.46375
1068	0.46375
1069	0.4725
1070	0.4725
1071	0.455
1072	0.455
1073	0.07
1074	0.07
1075	0.07
1076	0.07
1077	0.07
1078	0.07
1079	0.07
1080	0.07
1081	0.53375
1082	0.53375
1083	0.363125
1084	0.363125
1085	0.363125
1086	0.363125
1087	0.53375
1088	0.53375
1089	0.53375
1090	0.53375
1091	0.363125
1092	0.363125
1093	0.363125
1094	0.363125
1095	0.53375
1096	0.53375
1097	0.07
1098	0.07
1099	0.07
1100	0.07
1101	0.07
1102	0.07
1103	0.07
1104	0.07
1105	0.455
1106	0.455
1107	0.46375
1108	0.46375
1109	0.4725
1110	0.4725
1111	0.455
1112	0.455
1113	0.455
1114	0.455
1115	0.46375
1116	0.46375
1117	0.4725
1118	0.4725
1119	0.455
1120	0.455
1121	0.07
1122	0.07
1123	0.07
1124	0.07
1125	0.07
1126	0.07
1127	0.07
1128	0.07
1129	0.53375
1130	0.53375
1131	0.363125
1132	0.363125
1133	0.363125
1134	0.363125
1135	0.53375
1136	0.53375
1137	0.53375
1138	0.53375
1139	0.363125
1140	0.363125
1141	0.363125
1142	0.363125
1143	0.53375
1144	0.53375
1145	0.07
1146	0.07
1147	0.07
1148	0.07
1149	0.07
1150	0.07
1151	0.07
1152	0.07
1153	0.455
1154	0.455
1155	0.46375
1156	0.46375
1157	0.4725
1158	0.4725
1159	0.455
1160	0.455
1161	0.455
1162	0.455
1163	0.46375
1164	0.46375
1165	0.4725
1166	0.4725
1167	0.455
1168	0.455
1169	0.07
1170	0.07
1171	0.07
1172	0.07
1173	0.07
1174	0.07
1175	0.07
1176	0.07
1177	0.53375
1178	0.53375
1179	0.363125
1180	0.363125
1181	0.363125
1182	0.363125
1183	0.53375
1184	0.53375
1185	0.53375
1186	0.53375
1187	0.363125
1188	0.363125
1189	0.363125
1190	0.363125
1191	0.53375
1192	0.53375
1193	0.07
1194	0.07
1195	0.07
1196	0.07
1197	0.07
1198	0.07
1199	0.07
1200	0.07
